S0 f (kHz),S0 Phase velocity (m/ms),S0 Energy velocity (m/ms),S0 Propagation time (micsec),S0 Coincidence angle (deg),S0 Wavelength (mm),S0 Wavenumber (rad/mm),S0 Attenuation (Np/m),S1 f (kHz),S1 Phase velocity (m/ms),S1 Energy velocity (m/ms),S1 Propagation time (micsec),S1 Coincidence angle (deg),S1 Wavelength (mm),S1 Wavenumber (rad/mm),S1 Attenuation (Np/m),S2 f (kHz),S2 Phase velocity (m/ms),S2 Energy velocity (m/ms),S2 Propagation time (micsec),S2 Coincidence angle (deg),S2 Wavelength (mm),S2 Wavenumber (rad/mm),S2 Attenuation (Np/m)
0.001,6.73544767856598,6.73544128287165,14.8468371707585,2.91902742126037,6735447.67856598,9.32853405895259e-07,0,1095.01416015625,20.0330043475348,-0.0697011748740772,-1434.69604609479,0.981051686429115,18.294744558076,0.343442090007534,0,1325.07779947917,20.0123389135662,2.42106014425015,41.3042196566215,0.982064853533283,15.1027652273943,0.416028800857127,0
8.5,6.73532726049423,6.73509909400161,14.8475914911277,2.91907965451948,792.391442411086,0.00792939571389253,0,1094.99153645834,19.9330043475348,-0.0668979417077125,-1494.81430141626,0.985973916311299,18.2037976403055,0.345157940740223,0,1326,19.9123389135662,2.43385688993842,41.08705011104,0.986997281452391,15.0168468428101,0.418409095660978,0
17,6.73498494148254,6.73407206172794,14.8498559390736,2.91922815106551,396.175584793091,0.015859597482417,0,1094.97574869792,19.8330043475348,-0.0640385943040125,-1561.55832411415,0.990945790336583,18.1127338857678,0.346893260112248,0,1334.5,19.0638374115368,2.54981848236411,39.2184779785905,1.03093162272532,14.2853783525941,0.439833314323007,0
25.5,6.73441415071487,6.73235934537859,14.8536337515383,2.91947579131367,264.094672577054,0.0237914125486434,0,1094.9599609375,19.7330043475348,-0.0611248822151657,-1635.99497252183,0.995968063393636,18.0216675052112,0.348646167473831,0,1343,18.3314577213606,2.66222120225874,37.5626187317401,1.07212419102905,13.6496334485187,0.460318977126924,0
34,6.73361449718475,6.72995944923818,14.8589305410034,2.91982279544402,198.047485211316,0.031725650545249,0,1094.94417317709,19.6330043475348,-0.0581510900684425,-1719.65821934382,1.00104150575499,17.9305984985223,0.350416931576345,0,1351.5,17.692261277514,2.77157959254362,36.0805081221661,1.11086329526663,13.0908333536914,0.479968321146477,0
42.5,6.73258692990396,6.726870280724,14.8657541808933,2.9202688223495,158.413810115387,0.0396631158773529,0,1094.92838541667,19.5330043475348,-0.0551063867569763,-1814.67169025268,1.00616690347096,17.8395268655873,0.352205826674694,0,1360,17.1290994822325,2.87827306341018,34.743055226845,1.14739049727133,12.5949260898769,0.498866389714639,0
51,6.73132457955525,6.72309005394833,14.8741128257344,2.92081694607805,131.986756461868,0.0476046648588934,0,1094.91259765625,19.4330043475348,-0.0520200359637646,-1922.33623347851,1.01134505877572,17.7484526062926,0.354013132668924,0,1368.5,16.6288958346402,2.98257764026713,33.5280458922248,1.18190927403102,12.1511843877531,0.517084187572056,0
59.5,6.7298372349811,6.71861647250623,14.8840167330905,2.92146302851047,113.106508150943,0.0555510501552621,0,1094.89680989584,19.3330043475348,-0.0488617366435707,-2046.59119526318,1.01657679050598,17.6573757205248,0.35583913525021,0,1377,16.1814792421728,3.08469462020098,32.418119882961,1.214593800094,11.7512558040471,0.534682029899792,0
68,6.72811282162569,6.71343629503454,14.8955014399948,2.92221244846644,98.9428356121424,0.0635031861408316,0,1094.88102213542,19.2330043475348,-0.0456387792559044,-2191.11907965993,1.02186293453275,17.5662962081701,0.357684126051415,0,1385.5,15.7787944234049,3.1847705768845,31.3994360302791,1.24559582587097,11.3885199735871,0.551712191026747,0
76.5,6.7261595867012,6.70756077471743,14.9085492265574,2.92306177767441,87.9236547281203,0.0714618304551672,0,1094.865234375,19.1330043475348,-0.0423512895034807,-2361.20319292241,1.02720434420662,17.4752140691149,0.359548402802361,0,1394,15.4143686440447,3.28291200069716,30.4607616587846,1.27504894990252,11.0576532597164,0.56822050389928,0
85,6.72396556979332,6.70096921608154,14.9232143553222,2.92401639581304,79.1054772916862,0.0794279425685222,0,1094.85628255209,19.0330043475348,-0.0390027499333878,-2563.92177912554,1.03260189081711,17.3840207622221,0.361434526173244,0,1402.5,15.0829492883177,3.37919256118573,29.5928681746715,1.30307052460285,10.7543310433638,0.58424696820699,0
93.5,6.72154243238539,6.69366571923078,14.9394971596358,2.92507142959514,71.888154357063,0.0874022342536641,0,1094.84733072917,18.9330043475348,-0.0355752278689934,-2810.94474976386,1.03805646406659,17.2928259640779,0.363340573728755,0,1411,14.7802099247132,3.47366385024961,28.7880475230251,1.32976573920039,10.4749893158846,0.599827371437176,0
102,6.71888146782702,6.68564169241851,14.9574273645863,2.92623089112661,65.8713869394806,0.0953856537581677,0,1094.83154296875,18.8330043475348,-0.0320919589544683,-3116.04536643833,1.04356897255925,17.2017370786259,0.365264582202387,0,1419.5,14.5025604554224,3.56636029943069,28.0397917215385,1.35522862041194,10.216668161622,0.614993577924144,0
110.5,6.71597604793864,6.67686869567059,14.9770805085387,2.92749791977662,60.7780637822501,0.103379162088651,0,1094.82259114584,18.7330043475348,-0.0285303923396925,-3505.03416880378,1.04914034430577,17.1105387293195,0.367211424875426,0,1428,14.2469946175608,3.65730280027152,27.3425541884517,1.3795436778881,9.97688698708736,0.629774128474306,0
119,6.71283108979961,6.66740003168599,14.9983501102022,2.92887064676113,56.4103452924337,0.111383564036123,0,1094.81363932292,18.6330043475348,-0.0248954336595543,-4016.80088676111,1.05477152724429,17.0193388886334,0.369179164260952,0,1436.5,14.0109652406323,3.74650378440073,26.6915518453148,1.40278814149884,9.7535435020065,0.644195138503971,0
127.5,6.70943672173817,6.65717237988967,15.0213926113864,2.93035368334766,52.6230331116719,0.11939990790432,0,1094.8115234375,18.5330043475348,-0.0212006402577514,-4716.83867959779,1.0604634897782,16.928031858255,0.371170456187177,0,1445,13.7923088244325,3.8339719201089,26.0826114754538,1.42503179916681,9.54485039753117,0.658280124411879,0
136,6.70580248058063,6.64617040504987,15.0462588085341,2.93194318957489,49.3073711807399,0.127428925061693,0,1094.80257161459,18.4330043475348,-0.0174166615870473,-5741.62846882032,1.06621722133142,16.8368296033049,0.373181023697375,0,1453.5,13.5891710882795,3.91970724624355,25.5121093790448,1.44633838084951,9.34927491453695,0.672050545589372,0
144.5,6.70191712187686,6.63442888792896,15.072887461639,2.93364443612818,46.3800492863451,0.135471725534139,0,1094.80045572917,18.3330043475348,-0.0135560053480892,-7376.80440750897,1.07203373292193,16.7455212971431,0.37521586791398,0,1462,13.399954883078,4.0037090156513,24.976840127262,1.46676606475468,9.16549581605881,0.685525958799834,0
153,6.69778159767499,6.62190372297775,15.1013974505555,2.93545739170644,43.7763503116012,0.143529217544535,0,1094.79150390625,18.2330043475348,-0.0096201244128876,-10394.8759608592,1.07791405775415,16.65431662785,0.377270676881008,0,1470.5,13.2232702786699,4.08597701173864,24.473950713063,1.48636883657877,8.99236333129543,0.698724581702866,0
161.5,6.69339278877014,6.60859315515631,15.1318136329781,2.93738383724498,41.445156586812,0.151602402418692,0,1094.78938802084,18.1330043475348,-0.00560585024063569,-17838.5072214595,1.0838592518309,16.5630070458718,0.379350518283189,0,1479,13.057917731314,4.16650663576588,24.000921813393,1.50519504457953,8.82888284740637,0.711662552983742,0
170,6.68874207426514,6.59448439778811,15.1641878224083,2.93942800742798,39.3455416133244,0.159692433997446,0,1094.78727213542,18.0330043475348,-0.00150176161378749,-66588.4645618267,1.08987039458577,16.4716971109472,0.381453426739114,0,1487.5,12.9028327859111,4.24529759462308,23.5554746801864,1.5232908986947,8.67417330145287,0.724355519404621,0
178.5,6.68382843088893,6.579565686219,15.1985715728094,2.94159083968873,37.4444169797699,0.167800324159786,0,1094.7919921875,17.9330043475348,0.00267743048296592,37349.2423561358,1.09594858953663,16.3802845430965,0.38358218324282,0,1496,12.7570766391797,4.32235103531678,23.1355572888288,1.54069945132356,8.52745764651046,0.736818119495526,0
187,6.67865242582792,6.56382237358615,15.2350253112296,2.94387260183449,35.7147188546947,0.175927054969765,0,1094.78987630209,17.8330043475348,0.00694711497282894,14394.464521044,1.1020949649612,16.2889744722248,0.385732405554038,0,1504.5,12.6198413199225,4.3976649338589,22.7393404236123,1.55745799750268,8.38806335654536,0.749062690647979,0
195.5,6.67320817834837,6.54728956795478,15.2734958431413,2.94627643913887,34.1340571782525,0.184073791004918,0,1094.79459635417,17.7330043475348,0.0113058695826082,8844.9631644283,1.10831067459535,16.1975629095982,0.387909301062592,0,1513,12.4903937532337,4.47123870532822,22.3651669236164,1.5736031726176,8.25538252031306,0.761101656006767,0
204,6.66748178699651,6.52980129869257,15.3144016832522,2.94880909513147,32.6837342499829,0.192241965349565,0,1094.79931640625,17.6330043475348,0.0157541006444374,6347.55371042452,1.11459689835532,16.1061521351842,0.390110887718106,0,1521.5,12.3680824735114,4.5430799029592,22.0114992771453,1.58916892801745,8.12887444857798,0.772946531149676,0
212.5,6.66148560655834,6.51149572997741,15.3574545921336,2.95146574588223,31.3481675602746,0.200432299435003,0,1094.80403645834,17.5330043475348,0.0202923723002643,4927.96004923967,1.12095484308461,16.0147421489727,0.392337588000605,0,1530,12.2523313156798,4.61319085198323,21.6769700644424,1.60418615164629,8.00805968345082,0.784607702183364,0
221,6.65520692638477,6.49230197575544,15.4028571642902,2.95425269777004,30.1140584904288,0.208646247704426,0,1094.81559244792,17.4330043475348,0.0249290901221037,4011.37785254881,1.12738574332655,15.923233526987,0.394592297885397,0,1538.5,12.1426154814322,4.68158154407656,21.3603029357732,1.61868477862645,7.89250275036214,0.796095421935873,0
229.5,6.64864229647626,6.47224037953006,15.4506004313858,2.95717221201772,28.9701189388944,0.216885036627999,0,1094.8203125,17.3330043475348,0.0296621578697935,3371.29889332277,1.13389086212365,15.8318256883225,0.396870546131268,0,1547,12.0384700159835,4.74825959616384,21.0603481075025,1.63269188482423,7.78181642920719,0.807418854497409,0
238,6.64178127096307,6.45117536768957,15.5010512504195,2.96022971965503,27.9066439956432,0.225150158082804,0,1094.83186848959,17.2330043475348,0.0345003085272302,2898.52480365712,1.14047149184484,15.7403203574163,0.399177727295693,0,1555.5,11.9394824335323,4.81323236235874,20.7760590953466,1.64623187941739,7.67565569497413,0.81858613216506,0
246.5,6.634621241422,6.42920548254139,15.5540214528143,2.96342722581323,26.9152991538418,0.23344289325065,0,1094.85026041667,17.1330043475348,0.0394208103912594,2536.73120890921,1.14712895504164,15.6487192513563,0.401514347995924,0,1564,11.845274034879,4.87651071070239,20.5064657769605,1.65932841656303,7.5737046258817,0.829605274769759,0
255,6.62716042071804,6.40626874950753,15.6097104118036,2.9667664190102,25.9888643949727,0.24176451928369,0,1094.86181640625,17.0330043475348,0.0444579523155119,2249.31637180034,1.15386460533449,15.5572183560511,0.403875883424603,0,1572.5,11.7554850474269,4.93811392801959,20.2506465945602,1.67200603592989,7.47566616688518,0.840485003866558,0
263.5,6.61938617268494,6.38234433328617,15.6682238967373,2.97025390999302,25.1210101430169,0.25011674576017,0,1094.88020833334,16.9330043475348,0.0495990514520141,2016.16758934891,1.16067982833057,15.4656228312966,0.406267848098868,0,1581,11.6698243037711,4.99804951924075,20.0078049677249,1.68428269032344,7.38129304476353,0.851230979325097,0
272,6.61129143431349,6.35740368487451,15.7296917038506,2.97389389924081,24.3062185085055,0.258501144675422,0,1094.90543619792,16.8330043475348,0.054860247956377,1822.81348927764,1.16757604257428,15.3739343974652,0.408690784332704,0,1589.5,11.5879900083856,5.05633962565321,19.7771525260393,1.69618054533283,7.290336589107,0.861851195810044,0
280.5,6.60288206041796,6.33143453406737,15.7942089524787,2.97768483642385,23.5396864899036,0.266918818560923,0,1094.923828125,16.7330043475348,0.0602101456888342,1660.84966006891,1.17455470053186,15.2823456004142,0.411140113662218,0,1598,11.5097348146263,5.11299615995529,19.5580041274419,1.70771635616227,7.2025874935083,0.872351125597937,0
289,6.59413261604097,6.30439988974973,15.8619379716996,2.98163935438103,22.8170678755743,0.275372161815136,0,1094.94905598959,16.6330043475348,0.065684105235599,1522.43833787969,1.18161728961153,15.1906650419479,0.413621476731206,0,1606.5,11.4348120579205,5.16804115581122,19.3496911083138,1.71890893989489,7.11784130589513,0.882737481373143,0
297.5,6.58504995796104,6.2762682733913,15.9330346702924,2.98575560777602,22.1346217074321,0.283862330706556,0,1094.97428385417,16.5330043475348,0.0712742276378844,1403.03168921114,1.18876533322065,15.0989887080642,0.416132856886223,0,1615,11.3630145276789,5.22149007900542,19.1516211822522,1.72977320546136,7.0359223081603,0.893015163042991,0
306,6.57561426476695,6.24704291139474,16.0075737302201,2.9900439156488,21.4889355057744,0.292391649902398,0,1095.00634765625,16.4330043475348,0.0769848677980635,1298.9565723787,1.19600039186158,15.0072229103584,0.418677415849054,0,1623.5,11.2941403453635,5.27336178522977,18.963235232616,1.74032498297464,6.95666174645121,0.903189710263665,0
314.5,6.56582663127418,6.21665111156413,16.0858311340621,2.99450521371104,20.8770322139084,0.30096161383483,0,1095.03841145833,16.3330043475348,0.0828166813471806,1207.48620173253,1.20332406426768,14.9154624866383,0.42125313330433,0,1632,11.2280104528247,5.32367602070298,18.7840130787664,1.75057819966465,6.87990836570143,0.913265842100935,0
323,6.55568161534362,6.18510441544064,16.1678758001818,2.99914348935402,20.2962279112805,0.30957404176997,0,1095.07731119792,16.2330043475348,0.0887770080738044,1126.41777606276,1.21073798858148,14.8236149005565,0.42386323102226,0,1640.5,11.1644496323441,5.37245615910601,18.6134604059087,1.76054762252221,6.8055163866773,0.923248869032151,0
331.5,6.54515023678487,6.15231853850901,16.2540348608534,3.00397364045075,19.7440429465607,0.318231950983174,0,1095.1162109375,16.1330043475348,0.0948603522748994,1054.18120006772,1.21824384357651,14.7317738395305,0.426505685983288,0,1649,11.1033026798883,5.41972172100845,18.451131838074,1.77024620491463,6.73335517276431,0.933143306117935,0
340,6.53424258770274,6.11830062522552,16.344407724541,3.00899280239331,19.2183605520669,0.326936592232049,0,1095.15511067708,16.0330043475348,0.101080728805799,989.308260649016,1.22584334992509,14.6399393028649,0.429181103636818,0,1657.5,11.0444246286945,5.46549478368379,18.2966051488204,1.77968645140948,6.66330294340545,0.942953571306245,0
348.5,6.52293666030109,6.08300033468828,16.4392560410938,3.01421297353609,18.7171783652829,0.335690838894488,0,1095.20084635417,15.9330043475348,0.107435275228195,930.792980123128,1.23353827151369,14.5480204846211,0.431892800386253,0,1666,10.9876946345271,5.50979340259745,18.1495008420566,1.78887803705376,6.59525488266935,0.952682711882781,0
357,6.51121791197606,6.0463991120365,16.5387692983963,3.01964291222146,18.2387056357873,0.344497325229646,0,1095.24658203125,15.8330043475348,0.113924874231634,877.771432046333,1.24133041680825,14.4561093431315,0.434638750858986,0,1674.5,10.9329778210976,5.5526419387277,18.009445072,1.79783385533917,6.52909992302035,0.962335602343332,0
365.5,6.49908967121688,6.0084210763103,16.6433075728123,3.02528324013394,17.7813670895127,0.353357831012069,0,1095.29915364583,15.7330043475348,0.120555932653661,829.490492909085,1.24922164027165,14.3641162281242,0.437422338234597,0,1683,10.8801686821167,5.59405858223534,17.8761088268834,1.80656289805784,6.46474669169144,0.971915158757079,0
374,6.48652810641824,5.96906059287398,16.7530549311868,3.03114735565368,17.3436580385514,0.362275668328639,0,1095.35856119792,15.6330043475348,0.127337595252774,785.314029226743,1.25721384383552,14.27204287374,0.440244284771623,0,1691.5,10.8291481046117,5.63407022878241,17.749157525431,1.81507720175895,6.40209760840182,0.981426040573612,0
382.5,6.47352759834652,5.92826264215517,16.868348458267,3.03724038155626,16.9242551590759,0.371253284007015,0,1095.41796875,15.5330043475348,0.134262187090276,744.811343887624,1.26530897842894,14.1799795061421,0.443102566153782,0,1700,10.7798301022132,5.67269395094906,17.6283086774441,1.82338402514877,6.34107653071363,0.99087044238409,0
391,6.46006004956148,5.88598351098287,16.9895141251086,3.04357819579102,16.5218927098759,0.380294523001219,0,1095.47737630208,15.4330043475348,0.14133952690452,707.516164728313,1.2735090455667,14.0879261237058,0.445997888689014,0,NaN,NaN,NaN,NaN,NaN,NaN,NaN,NaN
399.5,6.44611925584683,5.84217721778945,17.1169062957385,3.05016665288348,16.1354674739595,0.389402124067357,0,1095.54361979167,15.3330043475348,0.148573580394194,673.067174760686,1.28181609899964,13.9957953937522,0.448933778353494,0,NaN,NaN,NaN,NaN,NaN,NaN,NaN,NaN
408,6.43169406039276,5.7967927833624,17.2509185229139,3.05701414936729,15.7639560303744,0.398579220537851,0,1095.61669921875,15.2330043475348,0.155970598676706,641.14647791587,1.29023224643008,13.903589054819,0.451911034079492,0,NaN,NaN,NaN,NaN,NaN,NaN,NaN,NaN
416.5,6.41675630562561,5.74978360609659,17.3919588719771,3.06413744640532,15.4063776845753,0.407830149034334,0,1095.69661458333,15.1330043475348,0.163536832868784,611.483041745318,1.29875965129532,13.8113088478324,0.454930475916893,0,NaN,NaN,NaN,NaN,NaN,NaN,NaN,NaN
425,6.40129950764325,5.70110100009084,17.5404715682824,3.07154330538367,15.0618811944547,0.417158071163969,0,1095.77652994792,15.0330043475348,0.17126439038592,583.892540502226,1.3074005346223,13.7190421009011,0.457990088591308,0,NaN,NaN,NaN,NaN,NaN,NaN,NaN,NaN
433.5,6.38529956321383,5.65068197927101,17.6969789428675,3.07924722466313,14.7296414376328,0.42656743097131,0,1095.86328125,14.9330043475348,0.179167746535506,558.136170899393,1.31615717695694,13.6267038078887,0.461093555401281,0,NaN,NaN,NaN,NaN,NaN,NaN,NaN,NaN
442,6.36873110513395,5.59855875862077,17.8617398354564,3.08726573665568,14.408893903018,0.436062986476953,0,1095.95686848958,14.8330043475348,0.187246489852282,534.055405144789,1.3250319203714,13.5342957136417,0.464241763304057,0,NaN,NaN,NaN,NaN,NaN,NaN,NaN,NaN
450.5,6.3515869416762,5.54442552829149,18.0361336787249,3.09560697176142,14.0989721235876,0.445648466576356,0,1096.05045572917,14.7330043475348,0.19551126092483,511.479489861444,1.33402717055335,13.4419034000888,0.467432708015002,0,NaN,NaN,NaN,NaN,NaN,NaN,NaN,NaN
459,6.33382687749469,5.48844702023563,18.2200902425231,3.10429555186504,13.7991870969383,0.455330104812743,0,1096.15771484375,14.6330043475348,0.20396510999714,490.279930726397,1.34314539898072,13.3493603606308,0.470673136198316,0,NaN,NaN,NaN,NaN,NaN,NaN,NaN,NaN
467.5,6.31543575868893,5.43051020729723,18.4144760220919,3.11334443542303,13.5089534945218,0.465112661001282,0,1096.26497395833,14.5330043475348,0.212605756988238,470.354149467044,1.35238914518654,13.2568354300875,0.473958158439484,0,NaN,NaN,NaN,NaN,NaN,NaN,NaN,NaN
476,6.29638394253209,5.37052258154664,18.6201619081921,3.1227742255531,13.2276973582607,0.475002197057052,0,1096.37906901042,14.4330043475348,0.221448475630576,451.572311415779,1.36176101911778,13.1642465233871,0.477291677576617,0,NaN,NaN,NaN,NaN,NaN,NaN,NaN,NaN
484.5,6.27664769360086,5.30843433746045,18.8379461142285,3.13260323632108,12.9548972004146,0.485004644188031,0,1096.5,14.3330043475348,0.230491331380903,433.855795794519,1.37126370359315,13.0715953921886,0.480674708684322,0,NaN,NaN,NaN,NaN,NaN,NaN,NaN,NaN
493,6.25619467576192,5.24415787596331,19.0688385752747,3.1428547431983,12.6900500522554,0.495126912920479,0,1105,11.4043980355097,0.615740379918263,162.406110207154,1.72349442416946,10.3207222040811,0.608793181614268,0,NaN,NaN,NaN,NaN,NaN,NaN,NaN,NaN
501.5,6.23499885784446,5.17761150498029,19.3139249446991,3.15354963077461,12.4326996168384,0.505375783282809,0,1113.5,10.2661071698987,0.854440251331988,117.035684875695,1.91466056104614,9.21967415347887,0.681497545638177,0,NaN,NaN,NaN,NaN,NaN,NaN,NaN,NaN
510,6.21300830025029,5.108755499525,19.5742387768015,3.16472276901375,12.182369216177,0.515760538503144,0,1122,9.55294202813467,1.03649166192192,96.4793096497992,2.05765693562417,8.5142085812252,0.737964691284957,0,NaN,NaN,NaN,NaN,NaN,NaN,NaN,NaN
518.5,6.19020183713398,5.03746610882322,19.8512501800951,3.17639444507196,11.9386727813577,0.526288426046051,0,1130.5,9.03614880598252,1.18229768998089,84.5810668898593,2.1753929976043,7.99305511365105,0.78608056842355,0,NaN,NaN,NaN,NaN,NaN,NaN,NaN,NaN
527,6.16654024301049,4.96366929022266,20.1463865042295,3.18859514291794,11.7012148823728,0.536968628500688,0,1139,8.63203070040931,1.30125974148964,76.8486081691294,2.27728889844423,7.57860465356392,0.829068884629686,0,NaN,NaN,NaN,NaN,NaN,NaN,NaN,NaN
535.5,6.14197287659398,4.88729451262491,20.4612183165305,3.20136251343687,11.4696038778599,0.547811883835691,0,1147.5,8.30055386026017,1.3990049351019,71.4793761558221,2.36828167597819,7.23359813530298,0.868611331408503,0,NaN,NaN,NaN,NaN,NaN,NaN,NaN,NaN
544,6.11645542006277,4.80824582746059,20.7976055277551,3.21473239434331,11.2434842280566,0.558829023079942,0,1156,8.01952923568168,1.47942296162309,67.5939218154954,2.45132208074548,6.9373090274063,0.905709300588665,0,NaN,NaN,NaN,NaN,NaN,NaN,NaN,NaN
552.5,6.08993359993121,4.72642652536719,21.1576334601395,3.22874744420102,11.0225042532692,0.570032468376328,0,1164.5,7.7753923177269,1.54545869059112,64.7057088027058,2.52833955055705,6.67702217065428,0.941016091693447,0,NaN,NaN,NaN,NaN,NaN,NaN,NaN,NaN
561,6.06235747269887,4.64174736915483,21.5436110686498,3.24344987044404,10.8063413060586,0.581435023124515,0,1173,7.55933120494067,1.59944359405014,62.5217421683362,2.60065363201239,6.44444262995794,0.974977304937322,0,NaN,NaN,NaN,NaN,NaN,NaN,NaN,NaN
569.5,6.03366347551588,4.55420409370688,21.9577335451836,3.25889120151444,10.5946680869462,0.593051642167171,0,1181.5,7.36526554598029,1.64330691523745,60.8529052441494,2.66922662409484,6.2338261074738,1.00791796223616,0,NaN,NaN,NaN,NaN,NaN,NaN,NaN,NaN
578,6.00379502798432,4.46341156285074,22.4043870012585,3.27512158767794,10.3871886297307,0.604897584048449,0,1190,7.18889501743427,1.67865298645604,59.5715736407913,2.73476193192779,6.04108824994477,1.04007507376457,0,NaN,NaN,NaN,NaN,NaN,NaN,NaN,NaN
586.5,5.97267474539716,4.36956326184772,22.8855823814561,3.29220517923563,10.1835886537036,0.61699127103828,0,1198.5,7.02704259084815,1.70684887343696,58.587495094769,2.79780068804675,5.86319782298552,1.0716311297817,0,NaN,NaN,NaN,NaN,NaN,NaN,NaN,NaN
595,5.94022572703349,4.27246122268512,23.405712723392,3.31020912804388,9.98357265047646,0.629352389886172,0,1207,6.87732470023976,1.72905439773998,57.8350803368064,2.85875826449481,5.69786636308182,1.10272598667638,0,NaN,NaN,NaN,NaN,NaN,NaN,NaN,NaN
603.5,5.90635939322077,4.17200914249116,23.9692667452518,3.3292107861201,9.78684240798802,0.642003318869348,0,1215.5,6.73790183360222,1.74626382484252,57.2651157158443,2.91796329966162,5.54331701653823,1.13347031902271,0,NaN,NaN,NaN,NaN,NaN,NaN,NaN,NaN
612,5.87099389536648,4.06807959576006,24.5816232563947,3.34928798062359,9.59312728001058,0.654967366092599,0,1224,6.6073456451808,1.75932290784206,56.8400488359793,2.97567145369984,5.39815820684706,1.1639498262963,0,NaN,NaN,NaN,NaN,NaN,NaN,NaN,NaN
620.5,5.83401427681837,3.96059990657993,25.2487002875159,3.37054230123943,9.40211809318029,0.668273387433521,0,1232.5,6.48449891761972,1.76895874641852,56.5304307986055,3.0320967763707,5.26125672829186,1.19423659244614,0,NaN,NaN,NaN,NaN,NaN,NaN,NaN,NaN
629,5.79530331514307,3.84943319588223,25.9778504812009,3.39308282458465,9.21351878401124,0.681952840654448,0,1241,6.36846282043252,1.77578379841767,56.3131615960829,3.08739592014909,5.13171863048551,1.22438227026978,0,NaN,NaN,NaN,NaN,NaN,NaN,NaN,NaN
637.5,5.75474955669697,3.73457317533724,26.7768216888587,3.41702219088464,9.0270581281521,0.6960390880374,0,1249.5,6.25847690371065,1.78032328963067,56.1695735726431,3.14170751365928,5.00878503698332,1.25443301335284,0,NaN,NaN,NaN,NaN,NaN,NaN,NaN,NaN
646,5.71219363464235,3.61587189017091,27.6558470646684,3.44250961709885,8.84240500718629,0.710574250113311,0,1258,6.1539244282202,1.78301966509338,56.0846310098114,3.19513868021653,4.89183181893498,1.28442381908124,0,NaN,NaN,NaN,NaN,NaN,NaN,NaN,NaN
654.5,5.6674782281153,3.49325023285601,28.6266351775899,3.4697035323955,8.65924862966432,0.725603984352064,0,1266.5,6.05428963303903,1.78424913386309,56.0459848919692,3.24777666665023,4.78033133283777,1.31438280522904,0,NaN,NaN,NaN,NaN,NaN,NaN,NaN,NaN
663,5.62044109200629,3.36660951948323,29.7034744960116,3.49877727098783,8.47728671494161,0.741178813275854,0,1275,5.95914272131097,1.78432310352462,56.0436614884755,3.2996893869194,4.67383742847919,1.3443311632737,0,NaN,NaN,NaN,NaN,NaN,NaN,NaN,NaN
671.5,5.57086011499967,3.23597537169698,30.9025837695295,3.52995587467821,8.29614313477241,0.757362210982629,0,1283.5,5.86810976366843,1.78350525716349,56.0693609387177,3.35093600939141,4.57195930165051,1.37428723499601,0,NaN,NaN,NaN,NaN,NaN,NaN,NaN,NaN
680,5.51851013242319,3.10126152648465,32.2449426293152,3.56348496805441,8.11545607709292,0.774224547270338,0,1292,5.78087686527397,1.78201440990275,56.1162690067457,3.40156037214275,4.47436289881886,1.40426367938064,0,NaN,NaN,NaN,NaN,NaN,NaN,NaN,NaN
688.5,5.4631363120958,2.96248207556251,33.7554784972031,3.59965146338735,7.9348385070382,0.791847912418937,0,1300.5,5.69717678213046,1.78002970609098,56.1788377226604,3.45159450334884,4.38075877134215,1.43426872720832,0,NaN,NaN,NaN,NaN,NaN,NaN,NaN,NaN
697,5.40443355991019,2.81965634086587,35.465314886314,3.63880310947314,7.75385015769038,0.810331019996283,0,1309,5.61676743437251,1.77770138397745,56.2524172514615,3.50106850452411,4.29088421266043,1.46431015049084,0,NaN,NaN,NaN,NaN,NaN,NaN,NaN,NaN
705.5,5.34205771518055,2.67286229264311,37.4130759655085,3.68134934709875,7.57201660550042,0.829790217656864,0,1317.5,5.53943434291754,1.77515149130279,56.3332202856725,3.55000726464638,4.2045042450987,1.49439385499588,0,NaN,NaN,NaN,NaN,NaN,NaN,NaN,NaN
714,5.27560141507505,2.5222135556779,39.6477133250214,3.72778812607096,7.38879750010511,0.850366423912714,0,1326,5.46499000870331,1.77247862414252,56.4181698091717,3.5984288718977,4.12141026297384,1.5245231380207,0,NaN,NaN,NaN,NaN,NaN,NaN,NaN,NaN
722.5,5.20460205780739,2.36791161176896,42.2313060601508,3.77871466357798,7.20360146409327,0.872228334465538,0,1334.5,5.39327090781276,1.76976293690521,56.5047430447776,3.64634464836592,4.04141694103616,1.55469861161335,0,NaN,NaN,NaN,NaN,NaN,NaN,NaN,NaN
731,5.12850518589473,2.2102364116174,45.2440288624249,3.83486657309993,7.01573896839224,0.895584247858565,0,1343,5.32413262647195,1.76706391961568,56.5910485126927,3.6937607454877,3.96435787525834,1.58491879514539,0,NaN,NaN,NaN,NaN,NaN,NaN,NaN,NaN
739.5,5.04666848076233,2.04959892725593,48.7900333427103,3.89714802330731,6.82443337493216,0.920689669307827,0,1351.5,5.2574306424547,1.76443503643822,56.6753651649683,3.74069044165228,3.89007076763204,1.61518534815866,0,NaN,NaN,NaN,NaN,NaN,NaN,NaN,NaN
748,4.95831362991566,1.8865359353032,53.0072065570954,3.96670358196511,6.6287615373204,0.947867150116173,0,1360,5.19304588471083,1.76191272007371,56.7565003990758,3.78713575508298,3.81841609169914,1.64549518865652,0,NaN,NaN,NaN,NaN,NaN,NaN,NaN,NaN
756.5,4.86253125528061,1.72182444007808,58.0779304047197,4.04496870856521,6.42766854630615,0.977521672425128,0,1368.5,5.13084975288114,1.75952809059313,56.8334205828395,3.83311159237246,3.74925082417328,1.67585088377357,0,NaN,NaN,NaN,NaN,NaN,NaN,NaN,NaN
765,4.75821753798919,1.55646545152146,64.2481334245159,4.13379849878884,6.21989220652181,1.01017591600565,0,1377,5.07076010503291,1.75729853065745,56.9055275785085,3.8786039297241,3.68246921207909,1.70624245453831,0,NaN,NaN,NaN,NaN,NaN,NaN,NaN,NaN
773.5,4.64407254571604,1.39184688663605,71.8469832854171,4.23558489892884,6.00397226336915,1.04650471913635,0,1385.5,5.01266070671478,1.75524199524602,56.9722011385581,3.92362900757983,3.61794349095257,1.73667314674539,0,NaN,NaN,NaN,NaN,NaN,NaN,NaN,NaN
782,4.51858716764501,1.22985836225096,81.3101760896876,4.35343484017261,5.7782444599041,1.08738654980407,0,1394,4.95646393603177,1.75336750068153,57.0331091235181,3.96818627993808,3.55556953804288,1.76713891823871,0,NaN,NaN,NaN,NaN,NaN,NaN,NaN,NaN
790.5,4.38006204820015,1.07306137390139,93.1913145251186,4.49139618960511,5.54087545629368,1.13396977729264,0,1402.5,4.90209349179638,1.75167964221188,57.0880642728302,4.01227019342091,3.49525382659278,1.79763348211667,0,NaN,NaN,NaN,NaN,NaN,NaN,NaN,NaN
799,4.22678188980884,0.924941624989182,108.114931038129,4.65462525765447,5.29008997472946,1.18772749370882,0,1411,4.84945617184116,1.75018138411895,57.1369350099334,4.05589296502011,3.4368931054863,1.82815848917436,0,NaN,NaN,NaN,NaN,NaN,NaN,NaN,NaN
807.5,4.05749097147445,0.790183363259407,126.552904869463,4.84928610286281,5.02475662102099,1.25044569937855,0,1419.5,4.79849017675088,1.74887085577464,57.1797509632045,4.09904490176313,3.38040871909185,1.85870580432876,0,NaN,NaN,NaN,NaN,NaN,NaN,NaN,NaN
816,3.87238608670264,0.674702507647518,148.213470183577,5.08168372558256,4.74557118468461,1.32401033777711,0,1428,4.74911705565022,1.74774625871336,57.2165435923272,4.14173369170017,3.32571222384469,1.88927510388012,0,NaN,NaN,NaN,NaN,NaN,NaN,NaN,NaN
824.5,3.67486785414975,0.584989549158136,170.943224787367,5.35559375257878,4.45708654232838,1.40970682249693,0,1436.5,4.70127473032939,1.74680250192528,57.247456360855,4.18395656887266,3.27272866712801,1.9198613592044,0,NaN,NaN,NaN,NaN,NaN,NaN,NaN,NaN
833,3.47310034794324,0.525966759063181,190.126083591506,5.6677140373269,4.16938817280101,1.5069801723351,0,1445,4.65489191129774,1.74603438070068,57.272640851362,4.22572221866051,3.22137848532715,1.9504647888469,0,NaN,NaN,NaN,NaN,NaN,NaN,NaN,NaN
841.5,3.27890877212114,0.497901965583029,200.842750003814,6.00458067937585,3.89650477970426,1.61251831125855,0,1453.5,4.60991829878815,1.74543453443681,57.2923235028499,4.26702369142536,3.17159841677891,1.98107845997754,0,NaN,NaN,NaN,NaN,NaN,NaN,NaN,NaN
850,3.1029366424979,0.495466460396373,201.830008675058,6.34647083364175,3.65051369705635,1.72117839531629,0,1462,4.56629427894986,1.74499577629086,57.3067289667365,4.30786525669295,3.1233203002393,2.01170059526017,0,NaN,NaN,NaN,NaN,NaN,NaN,NaN,NaN
858.5,2.9502957278449,0.510548613507103,195.867733952056,6.67627824006047,3.4365704459463,1.82833013494342,0,1470.5,4.52396305736549,1.74470932507897,57.3161377443053,4.34825163090725,3.0764794677766,2.04232967357344,0,NaN,NaN,NaN,NaN,NaN,NaN,NaN,NaN
867,2.82077577525267,0.535865334627437,186.614049347912,6.98432250102953,3.25348993685429,1.93121399762331,0,1479,4.48287050974669,1.74456933730297,57.3207369072505,4.38818794500642,3.03101454343928,2.07296442070188,0,NaN,NaN,NaN,NaN,NaN,NaN,NaN,NaN
875.5,2.7114302944362,0.566362101641487,176.56548647971,7.26747379494567,3.09700776063529,2.02879223844461,0,1487.5,4.44298039066668,1.74456419659254,57.3209058143684,4.42766438615215,2.98687757355743,2.10359653264803,0,NaN,NaN,NaN,NaN,NaN,NaN,NaN,NaN
884,2.61871240105744,0.598994270451682,166.946505055204,7.52624959215094,2.96234434508761,2.12101787477842,0,1496,4.40423019796321,1.74468811456959,57.3168345476289,4.46669952697429,2.94400414302354,2.13423113621255,0,NaN,NaN,NaN,NaN,NaN,NaN,NaN,NaN
892.5,2.53941918035521,0.632048636769478,158.215672311421,7.76268249856667,2.84528759703664,2.20827775502325,0,1504.5,4.36658735634761,1.74493071803665,57.30886559927,4.5052846160457,2.90235118401304,2.16486045582255,0,NaN,NaN,NaN,NaN,NaN,NaN,NaN,NaN
901,2.47094991017014,0.664596759654808,150.467179605179,7.97916620685328,2.7424527304885,2.29108244504195,0,1513,4.33000147352455,1.74528488581483,57.2972360058641,4.54343118881237,2.86186482057141,2.19548640523316,0,NaN,NaN,NaN,NaN,NaN,NaN,NaN,NaN
909.5,2.41125303120172,0.696162061365093,143.644713709207,8.17804718536271,2.65118530093647,2.3699532827676,0,1521.5,4.29444287155682,1.74574049554917,57.2822823638184,4.58113149079205,2.822505995108,2.22610166925054,0,NaN,NaN,NaN,NaN,NaN,NaN,NaN,NaN
918,2.35873356512344,0.726515788179725,137.643257898839,8.36142848553754,2.5694265415288,2.44536483360256,0,1530,4.25986499597198,1.74629125266881,57.2642162910527,4.61839754674128,2.78422548756339,2.25670849406609,0,NaN,NaN,NaN,NaN,NaN,NaN,NaN,NaN
926.5,2.31214005401576,0.755571769177606,132.350101048434,8.53116896671824,2.49556400865165,2.51774159484468,0,1538.5,4.22623218707946,1.74692876515791,57.2433186713031,4.65523201679498,2.74698224704547,2.28730466457782,0,NaN,NaN,NaN,NaN,NaN,NaN,NaN,NaN
935,2.27050743229824,0.783314923355323,127.662574806632,8.68879782744705,2.42835019497138,2.58742965499407,0,1547,4.19350186403298,1.74764614847719,57.2198211217612,4.69164725692863,2.71073165095861,2.31789277443144,0,NaN,NaN,NaN,NaN,NaN,NaN,NaN,NaN
943.5,2.23306933787563,0.809772570822985,123.491463656726,8.83562414342397,2.36679315090157,2.65472515195769,0,1555.5,4.16165796059966,1.74843504384474,57.1940034901749,4.72762787930496,2.67544709778185,2.34846180004413,0,NaN,NaN,NaN,NaN,NaN,NaN,NaN,NaN
952,2.19919638105207,0.834999242501418,119.760587686797,8.97282899232081,2.31008023219755,2.71989917042945,0,1564,4.13065268066814,1.74928822077012,57.1661083706236,4.76319581133193,2.64108227664204,2.37901914785035,0,NaN,NaN,NaN,NaN,NaN,NaN,NaN,NaN
960.5,2.16839537723762,0.859053619864565,116.407169107518,9.10135882075495,2.25756936724375,2.78316378594855,0,1572.5,4.10045621767039,1.75020034583353,57.1363159869421,4.79835473516764,2.60760331807338,2.40956331955503,0,NaN,NaN,NaN,NaN,NaN,NaN,NaN,NaN
969,2.14025405815002,0.882001521328111,113.378489245031,9.222066102293,2.20872451821467,2.84471207493922,0,1581,4.07104747246347,1.75116362470545,57.1048864818789,4.83309960939021,2.57498258852844,2.44008846318853,0,NaN,NaN,NaN,NaN,NaN,NaN,NaN,NaN
977.5,2.11443728347162,0.903906757954713,110.630879922031,9.33566622684843,2.16310719536738,2.90470362293462,0,1589.5,4.04239124937207,1.75217220343866,57.0720159832172,4.86744347467114,2.54318417701923,2.47059782927081,0,NaN,NaN,NaN,NaN,NaN,NaN,NaN,NaN
986,2.0906562774504,0.924834782344235,108.127421144914,9.44282488084798,2.12034105218093,2.96328993900149,0,1598,4.01446829257516,1.75322028859155,57.0378980044402,4.90138190861581,2.51218291149885,2.50108591950848,0,NaN,NaN,NaN,NaN,NaN,NaN,NaN,NaN
994.5,2.06868248854496,0.944841953230473,105.837806691472,9.54406071707711,2.08012316595773,3.02058330487689,0,1606.5,3.98724593203557,1.75430192949581,57.0027304414699,4.93492811613642,2.48194580269877,2.53155620898229,0,NaN,NaN,NaN,NaN,NaN,NaN,NaN,NaN
1003,2.04831789341884,0.963984148802718,103.736145583101,9.63984977620425,2.04219131946046,3.07668789270908,0,1615,3.9606998105548,1.7554118480931,56.9666885344485,4.96808675215389,2.4524457031299,2.5620079168973,0,NaN,NaN,NaN,NaN,NaN,NaN,NaN,NaN
1011.5,2.02938037116094,0.982317242878563,101.800106559223,9.73067652652303,2.00630783110326,3.13171548741077,0,1623.5,3.93480651886327,1.75654506967776,56.9299369120913,5.00086262051671,2.42365661771683,2.59244038996686,0,NaN,NaN,NaN,NaN,NaN,NaN,NaN,NaN
1020,2.01173256074603,0.999886318575088,100.011369434985,9.81687976838416,1.97228682426082,3.18573608558909,0,1632,3.90954355434815,1.75769627386318,56.8926506171704,5.0332606607325,2.39555364849764,2.62285309749588,0,NaN,NaN,NaN,NaN,NaN,NaN,NaN,NaN
1028.5,1.99524485258725,1.01673761068362,98.3537925116818,9.89881497695999,1.93995610363369,3.238828597931,0,1640.5,3.88488928171975,1.75886205615656,56.854941892668,5.065285935309,2.36811294222478,2.6532456265691,0,NaN,NaN,NaN,NaN,NaN,NaN,NaN,NaN
1037,1.97980195632536,1.03291482348249,96.8134038998955,9.97681474012563,1.90916292798974,3.29106815089663,0,1649,3.86082289551899,1.7600362134857,56.8170127601824,5.09694361769639,2.34131164070285,2.68361767735175,0,NaN,NaN,NaN,NaN,NaN,NaN,NaN,NaN
1045.5,1.96531938501285,1.0484520164205,95.3787092149511,10.0510952330838,1.87978898614333,3.34249501060781,0,1657.5,3.83732438437348,1.76121531706024,56.778974740531,5.12823898082162,2.31512783370949,2.71396905850859,0,NaN,NaN,NaN,NaN,NaN,NaN,NaN,NaN
1054,1.95169742352882,1.06339073672673,94.0388105202176,10.1219836889549,1.85170533541634,3.39318853113682,0,1666,3.8143744969147,1.76239519343279,56.7409627378864,5.15917738620349,2.28954051435456,2.74429968274698,0,NaN,NaN,NaN,NaN,NaN,NaN,NaN,NaN
1062.5,1.93887418256377,1.07775921817085,92.7851029376655,10.1896404043965,1.82482276006001,3.44317565776796,0,1674.5,3.79195470927342,1.76355864503195,56.7035296964499,5.18976427363656,2.26452953674137,2.7746095624882,0,NaN,NaN,NaN,NaN,NaN,NaN,NaN,NaN
1071,1.92677247431153,1.09159256663895,91.6092716789962,10.2543296352413,1.79904059226099,3.49252003218172,0,1683,3.77004719407485,1.76474211435663,56.6655032406572,5.2200051514305,2.24007557580205,2.80489880567084,0,NaN,NaN,NaN,NaN,NaN,NaN,NaN,NaN
1079.5,1.91534453812069,1.10491479195954,90.5047164973262,10.3161800457687,1.77428859483158,3.54124200847721,0,1691.5,3.74862933537444,1.7659026176853,56.6282642080667,5.24991324897909,2.21615686395178,2.83517173778737,0,NaN,NaN,NaN,NaN,NaN,NaN,NaN,NaN
1088,1.90452580913765,1.11775719225393,89.4648683032422,10.3754286502798,1.7504832804574,3.5894003543626,0,1700,3.72769552237224,1.76704931941096,56.5915160949412,5.27947894757909,2.19276207198367,2.86542046100585,0,NaN,NaN,NaN,NaN,NaN,NaN,NaN,NaN
1096.5,1.89428381138286,1.13013872304385,88.484712505617,10.4321529166425,1.72757301539704,3.63700130250966,0,NaN,NaN,NaN,NaN,NaN,NaN,NaN,NaN,NaN,NaN,NaN,NaN,NaN,NaN,NaN,NaN
1105,1.88457163697286,1.1420842678737,87.559213284828,10.4865220498188,1.70549469409308,3.68408376111703,0,NaN,NaN,NaN,NaN,NaN,NaN,NaN,NaN,NaN,NaN,NaN,NaN,NaN,NaN,NaN,NaN
1113.5,1.87533888735981,1.15361956450066,86.6836893870505,10.5387384643178,1.68418400301734,3.7307000279796,0,NaN,NaN,NaN,NaN,NaN,NaN,NaN,NaN,NaN,NaN,NaN,NaN,NaN,NaN,NaN,NaN
1122,1.86656189656262,1.16476065825635,85.8545481349792,10.5888645787329,1.66360240335349,3.77685515151573,0,NaN,NaN,NaN,NaN,NaN,NaN,NaN,NaN,NaN,NaN,NaN,NaN,NaN,NaN,NaN,NaN
1130.5,1.85821124123638,1.17552551655234,85.0683363244099,10.6370031558787,1.64370742258857,3.822569163364,0,NaN,NaN,NaN,NaN,NaN,NaN,NaN,NaN,NaN,NaN,NaN,NaN,NaN,NaN,NaN,NaN
1139,1.85025303409073,1.18593361750585,84.3217516763804,10.6832909420449,1.62445393686631,3.86787533003263,0,NaN,NaN,NaN,NaN,NaN,NaN,NaN,NaN,NaN,NaN,NaN,NaN,NaN,NaN,NaN,NaN
1147.5,1.84266255207135,1.19600064318151,83.6119951691562,10.7278190997185,1.60580614559594,3.91279191726333,0,NaN,NaN,NaN,NaN,NaN,NaN,NaN,NaN,NaN,NaN,NaN,NaN,NaN,NaN,NaN,NaN
1156,1.83542280369184,1.20574006447662,82.9366154001092,10.7706390895395,1.5877359893528,3.95732372970948,0,NaN,NaN,NaN,NaN,NaN,NaN,NaN,NaN,NaN,NaN,NaN,NaN,NaN,NaN,NaN,NaN
1164.5,1.82850044475008,1.21516996665509,82.2930147584724,10.8119047272328,1.57020218527271,4.00151354144773,0,NaN,NaN,NaN,NaN,NaN,NaN,NaN,NaN,NaN,NaN,NaN,NaN,NaN,NaN,NaN,NaN
1173,1.8218815609427,1.22430191447649,81.6791992380079,10.8516599164518,1.55318121137485,4.04536525497743,0,NaN,NaN,NaN,NaN,NaN,NaN,NaN,NaN,NaN,NaN,NaN,NaN,NaN,NaN,NaN,NaN
1181.5,1.81554762525424,1.23314869391735,81.0932213554308,10.8899800365606,1.53664631845471,4.08889490816476,0,NaN,NaN,NaN,NaN,NaN,NaN,NaN,NaN,NaN,NaN,NaN,NaN,NaN,NaN,NaN,NaN
1190,1.80948886938112,1.24172006127794,80.5334496223595,10.9268910306553,1.52057888183287,4.13210086122331,0,NaN,NaN,NaN,NaN,NaN,NaN,NaN,NaN,NaN,NaN,NaN,NaN,NaN,NaN,NaN,NaN
1198.5,1.80367421510204,1.25003236134647,79.9979289274442,10.9625524670771,1.50494302469924,4.17503201387659,0,NaN,NaN,NaN,NaN,NaN,NaN,NaN,NaN,NaN,NaN,NaN,NaN,NaN,NaN,NaN,NaN
1207,1.79810300404391,1.25809182654193,79.4854539949329,10.9969412905889,1.48972908371492,4.21766976013603,0,NaN,NaN,NaN,NaN,NaN,NaN,NaN,NaN,NaN,NaN,NaN,NaN,NaN,NaN,NaN,NaN
1215.5,1.7927562518563,1.2659105046032,78.9945257870699,11.030149418683,1.47491258893978,4.26003910624708,0,NaN,NaN,NaN,NaN,NaN,NaN,NaN,NaN,NaN,NaN,NaN,NaN,NaN,NaN,NaN,NaN
1224,1.78761647745846,1.27349944459441,78.5237876816261,11.0622628615999,1.46047097831574,4.30216375434284,0,NaN,NaN,NaN,NaN,NaN,NaN,NaN,NaN,NaN,NaN,NaN,NaN,NaN,NaN,NaN,NaN
1232.5,1.78268377975257,1.28086406022731,78.0722975256668,11.0932599575277,1.44639657586415,4.34402667430659,0,NaN,NaN,NaN,NaN,NaN,NaN,NaN,NaN,NaN,NaN,NaN,NaN,NaN,NaN,NaN,NaN
1241,1.77794203139927,1.2880146299286,77.6388696808073,11.1232223892642,1.43266884077298,4.3856508415368,0,NaN,NaN,NaN,NaN,NaN,NaN,NaN,NaN,NaN,NaN,NaN,NaN,NaN,NaN,NaN,NaN
1249.5,1.7733763574985,1.2949609400313,77.2224064129556,11.1522265819209,1.41926879351621,4.42705802867202,0,NaN,NaN,NaN,NaN,NaN,NaN,NaN,NaN,NaN,NaN,NaN,NaN,NaN,NaN,NaN,NaN
1258,1.76898742511475,1.30170740128843,76.8221797778979,11.1802518800589,1.40619032203081,4.46823250646859,0,NaN,NaN,NaN,NaN,NaN,NaN,NaN,NaN,NaN,NaN,NaN,NaN,NaN,NaN,NaN,NaN
1266.5,1.76475453985037,1.30826520789002,76.4371011297322,11.2074153841753,1.39341061180447,4.50921304456181,0,NaN,NaN,NaN,NaN,NaN,NaN,NaN,NaN,NaN,NaN,NaN,NaN,NaN,NaN,NaN,NaN
1275,1.76067883352083,1.31463844072338,76.066541873654,11.2336960833657,1.38092457531046,4.5499844231297,0,NaN,NaN,NaN,NaN,NaN,NaN,NaN,NaN,NaN,NaN,NaN,NaN,NaN,NaN,NaN,NaN
1283.5,1.75675446963024,1.32083308517284,75.7097934043,11.2591184197648,1.36872183064296,4.59054949406925,0,NaN,NaN,NaN,NaN,NaN,NaN,NaN,NaN,NaN,NaN,NaN,NaN,NaN,NaN,NaN,NaN
1292,1.75296963527142,1.32685701282744,75.3660711239011,11.2837468413814,1.35678764339893,4.63092757201074,0,NaN,NaN,NaN,NaN,NaN,NaN,NaN,NaN,NaN,NaN,NaN,NaN,NaN,NaN,NaN,NaN
1300.5,1.74931339657374,1.33271748237523,75.0346576243415,11.3076416953077,1.34510834031045,4.67113697750877,0,NaN,NaN,NaN,NaN,NaN,NaN,NaN,NaN,NaN,NaN,NaN,NaN,NaN,NaN,NaN,NaN
1309,1.74578715430038,1.33841786542716,74.7150815773702,11.330783686899,1.3336800262035,4.71116398516182,0,NaN,NaN,NaN,NaN,NaN,NaN,NaN,NaN,NaN,NaN,NaN,NaN,NaN,NaN,NaN,NaN
1317.5,1.74238072161801,1.34396491078043,74.4067045187443,11.3532301324764,1.32249011128502,4.7510263052738,0,NaN,NaN,NaN,NaN,NaN,NaN,NaN,NaN,NaN,NaN,NaN,NaN,NaN,NaN,NaN,NaN
1326,1.73909540358515,1.34936182296199,74.109107207798,11.3749634833375,1.31153499516226,4.79071113645905,0,NaN,NaN,NaN,NaN,NaN,NaN,NaN,NaN,NaN,NaN,NaN,NaN,NaN,NaN,NaN,NaN
1334.5,1.73591652472325,1.35461631823281,73.821641341555,11.3960726037513,1.30079919424747,4.83024999935866,0,NaN,NaN,NaN,NaN,NaN,NaN,NaN,NaN,NaN,NaN,NaN,NaN,NaN,NaN,NaN,NaN
1343,1.73284063656947,1.35973271133501,73.5438657659551,11.4165730477506,1.29027597659678,4.86964449555363,0,NaN,NaN,NaN,NaN,NaN,NaN,NaN,NaN,NaN,NaN,NaN,NaN,NaN,NaN,NaN,NaN
1351.5,1.7298716835898,1.36471306685701,73.2754763096861,11.4364313392693,1.27996424978897,4.90887562540555,0,NaN,NaN,NaN,NaN,NaN,NaN,NaN,NaN,NaN,NaN,NaN,NaN,NaN,NaN,NaN,NaN
1360,1.72699657735821,1.36956423056177,73.0159256269285,11.4557283316291,1.2698504245281,4.94797275790537,0,NaN,NaN,NaN,NaN,NaN,NaN,NaN,NaN,NaN,NaN,NaN,NaN,NaN,NaN,NaN,NaN
1368.5,1.72421235143766,1.37428996758347,72.7648475640397,11.4744779554733,1.25992864555182,4.98693741852953,0,NaN,NaN,NaN,NaN,NaN,NaN,NaN,NaN,NaN,NaN,NaN,NaN,NaN,NaN,NaN,NaN
1377,1.72151613315832,1.37889398669186,72.5218914326493,11.4926939108265,1.25019327026748,5.02577118003146,0,NaN,NaN,NaN,NaN,NaN,NaN,NaN,NaN,NaN,NaN,NaN,NaN,NaN,NaN,NaN,NaN
1385.5,1.71890514065366,1.38337981816641,72.286727539906,11.5103896636324,1.24063886008925,5.0644756579103,0,NaN,NaN,NaN,NaN,NaN,NaN,NaN,NaN,NaN,NaN,NaN,NaN,NaN,NaN,NaN,NaN
1394,1.71637667999019,1.3877508904132,72.0590422177464,11.5275784428837,1.23126017215939,5.10305250608415,0,NaN,NaN,NaN,NaN,NaN,NaN,NaN,NaN,NaN,NaN,NaN,NaN,NaN,NaN,NaN,NaN
1402.5,1.71392814238801,1.39201050184035,71.8385384792656,11.5442732383103,1.2220521514353,5.1415034127635,0,NaN,NaN,NaN,NaN,NaN,NaN,NaN,NaN,NaN,NaN,NaN,NaN,NaN,NaN,NaN,NaN
1411,1.71154927333229,1.3961639429419,71.6248263719565,11.5605397180048,1.21300444601863,5.17985348512322,0,NaN,NaN,NaN,NaN,NaN,NaN,NaN,NaN,NaN,NaN,NaN,NaN,NaN,NaN,NaN,NaN
1419.5,1.70924559884063,1.40021209470546,71.4177519092459,11.5763360825401,1.20411806892612,5.21808074251652,0,NaN,NaN,NaN,NaN,NaN,NaN,NaN,NaN,NaN,NaN,NaN,NaN,NaN,NaN,NaN,NaN
1428,1.70701474205986,1.40415796163039,71.2170587160211,11.5916746227501,1.19538847483183,5.25618695467472,0,NaN,NaN,NaN,NaN,NaN,NaN,NaN,NaN,NaN,NaN,NaN,NaN,NaN,NaN,NaN,NaN
1436.5,1.70484736012592,1.40800626860754,71.0224110712913,11.606615988473,1.18680637669748,5.29419577662179,0,NaN,NaN,NaN,NaN,NaN,NaN,NaN,NaN,NaN,NaN,NaN,NaN,NaN,NaN,NaN,NaN
1445,1.70274164698108,1.41175965965287,70.8335865217937,11.6211694240484,1.17836792178621,5.33210824141861,0,NaN,NaN,NaN,NaN,NaN,NaN,NaN,NaN,NaN,NaN,NaN,NaN,NaN,NaN,NaN,NaN
1453.5,1.70070249411267,1.41541866648309,70.6504742151461,11.6352979096035,1.17007395535787,5.36990442220196,0,NaN,NaN,NaN,NaN,NaN,NaN,NaN,NaN,NaN,NaN,NaN,NaN,NaN,NaN,NaN,NaN
1462,1.69871492543948,1.41899003615459,70.4726583359218,11.6491023251684,1.16191171370689,5.40762713126808,0,NaN,NaN,NaN,NaN,NaN,NaN,NaN,NaN,NaN,NaN,NaN,NaN,NaN,NaN,NaN,NaN
1470.5,1.69679018256982,1.42247197912996,70.3001545669562,11.662501870505,1.15388655734092,5.44523659384586,0,NaN,NaN,NaN,NaN,NaN,NaN,NaN,NaN,NaN,NaN,NaN,NaN,NaN,NaN,NaN,NaN
1479,1.69492020464962,1.42586876980196,70.1326812942886,11.675549924838,1.14599067251496,5.48275431718017,0,NaN,NaN,NaN,NaN,NaN,NaN,NaN,NaN,NaN,NaN,NaN,NaN,NaN,NaN,NaN,NaN
1487.5,1.69309753132712,1.42918413794229,69.9699901119656,11.6882962350074,1.13821682778294,5.52020068040832,0,NaN,NaN,NaN,NaN,NaN,NaN,NaN,NaN,NaN,NaN,NaN,NaN,NaN,NaN,NaN,NaN
1496,1.69132671875651,1.43241829807753,69.8120096163332,11.7007067474051,1.1305659884736,5.55755733963184,0,NaN,NaN,NaN,NaN,NaN,NaN,NaN,NaN,NaN,NaN,NaN,NaN,NaN,NaN,NaN,NaN
1504.5,1.68961188046449,1.43557302436795,69.6585950714893,11.7127502969884,1.12303880389796,5.59480695179118,0,NaN,NaN,NaN,NaN,NaN,NaN,NaN,NaN,NaN,NaN,NaN,NaN,NaN,NaN,NaN,NaN
1513,1.68793500976403,1.43865345267399,69.509442885034,11.7245513682502,1.11562128867418,5.63200556583734,0,NaN,NaN,NaN,NaN,NaN,NaN,NaN,NaN,NaN,NaN,NaN,NaN,NaN,NaN,NaN,NaN
1521.5,1.68631114389837,1.4416577260996,69.3645920176557,11.7360022661542,1.10832148793846,5.66909996382607,0,NaN,NaN,NaN,NaN,NaN,NaN,NaN,NaN,NaN,NaN,NaN,NaN,NaN,NaN,NaN,NaN
1530,1.68472323143789,1.44459167942185,69.2237131256507,11.7472214419147,1.10112629505744,5.70614409571593,0,NaN,NaN,NaN,NaN,NaN,NaN,NaN,NaN,NaN,NaN,NaN,NaN,NaN,NaN,NaN,NaN
1538.5,1.68318551189784,1.44745320459585,69.0868621399898,11.7581065983412,1.0940432316528,5.74308685927099,0,NaN,NaN,NaN,NaN,NaN,NaN,NaN,NaN,NaN,NaN,NaN,NaN,NaN,NaN,NaN,NaN
1547,1.68168426514313,1.45024723449044,68.9537601739582,11.7687531928228,1.08706158057087,5.77997182448486,0,NaN,NaN,NaN,NaN,NaN,NaN,NaN,NaN,NaN,NaN,NaN,NaN,NaN,NaN,NaN,NaN
1555.5,1.68021862608489,1.45297530211648,68.8242944352425,11.7791660156503,1.08017912316611,5.81679942930479,0,NaN,NaN,NaN,NaN,NaN,NaN,NaN,NaN,NaN,NaN,NaN,NaN,NaN,NaN,NaN,NaN
1564,1.67879700199961,1.45562349036211,68.69908369995,11.7892838769821,1.07339961764681,5.85353786593858,0,NaN,NaN,NaN,NaN,NaN,NaN,NaN,NaN,NaN,NaN,NaN,NaN,NaN,NaN,NaN,NaN
1572.5,1.67740909706061,1.45823550998398,68.5760285738061,11.7991786606277,1.06671484709736,5.89022016922025,0,NaN,NaN,NaN,NaN,NaN,NaN,NaN,NaN,NaN,NaN,NaN,NaN,NaN,NaN,NaN,NaN
1581,1.6760628726418,1.46077066596451,68.4570154165663,11.8087922898654,1.06012831919152,5.92681583298451,0,NaN,NaN,NaN,NaN,NaN,NaN,NaN,NaN,NaN,NaN,NaN,NaN,NaN,NaN,NaN,NaN
1589.5,1.67474857898343,1.46324597331093,68.3412097651135,11.8181931320017,1.05363232399083,5.96335663220812,0,NaN,NaN,NaN,NaN,NaN,NaN,NaN,NaN,NaN,NaN,NaN,NaN,NaN,NaN,NaN,NaN
1598,1.67346545872777,1.46566284080782,68.2285156010938,11.8273855551185,1.04722494288346,5.99984306129998,0,NaN,NaN,NaN,NaN,NaN,NaN,NaN,NaN,NaN,NaN,NaN,NaN,NaN,NaN,NaN,NaN
1606.5,1.67221277248067,1.46802255054317,68.118844606985,11.8363738531764,1.04090430904492,6.03627562359185,0,NaN,NaN,NaN,NaN,NaN,NaN,NaN,NaN,NaN,NaN,NaN,NaN,NaN,NaN,NaN,NaN
1615,1.6709897983855,1.47032641235705,68.0121088484643,11.8451622465436,1.03466860581145,6.07265483062755,0,NaN,NaN,NaN,NaN,NaN,NaN,NaN,NaN,NaN,NaN,NaN,NaN,NaN,NaN,NaN,NaN
1623.5,1.66980355173112,1.47257370959595,67.9083154536543,11.8536992834226,1.02852082028403,6.10895295774808,0,NaN,NaN,NaN,NaN,NaN,NaN,NaN,NaN,NaN,NaN,NaN,NaN,NaN,NaN,NaN,NaN
1632,1.66863795318257,1.47476957646474,67.8072029663887,11.8620998061127,1.02244972621481,6.1452266513293,0,NaN,NaN,NaN,NaN,NaN,NaN,NaN,NaN,NaN,NaN,NaN,NaN,NaN,NaN,NaN,NaN
1640.5,1.66750735901543,1.47691135113351,67.708870896856,11.870259518587,1.01646288266713,6.18142129370522,0,NaN,NaN,NaN,NaN,NaN,NaN,NaN,NaN,NaN,NaN,NaN,NaN,NaN,NaN,NaN,NaN
1649,1.66639644425301,1.47900441253401,67.6130504767512,11.8782882242372,1.01054969330079,6.21759162249271,0,NaN,NaN,NaN,NaN,NaN,NaN,NaN,NaN,NaN,NaN,NaN,NaN,NaN,NaN,NaN,NaN
1657.5,1.66531889164955,1.48104472415639,67.5199056240251,11.8860862783669,1.00471728002989,6.25368492417353,0,NaN,NaN,NaN,NaN,NaN,NaN,NaN,NaN,NaN,NaN,NaN,NaN,NaN,NaN,NaN,NaN
1666,1.6642668972469,1.48303667247124,67.4292159163983,11.8937093298118,0.998959722237037,6.28972837173979,0,NaN,NaN,NaN,NaN,NaN,NaN,NaN,NaN,NaN,NaN,NaN,NaN,NaN,NaN,NaN,NaN
1674.5,1.66323321412183,1.48498248662671,67.3408615256873,11.9012092938214,0.993271552177861,6.32574777099272,0,NaN,NaN,NaN,NaN,NaN,NaN,NaN,NaN,NaN,NaN,NaN,NaN,NaN,NaN,NaN,NaN
1683,1.6622305737931,1.48687980933047,67.2549316847802,11.908493134525,0.987659283299527,6.36169316020502,0,NaN,NaN,NaN,NaN,NaN,NaN,NaN,NaN,NaN,NaN,NaN,NaN,NaN,NaN,NaN,NaN
1691.5,1.6612453856726,1.48873291278046,67.1712159659538,11.9156589454858,0.982113736726338,6.39761472853767,0,NaN,NaN,NaN,NaN,NaN,NaN,NaN,NaN,NaN,NaN,NaN,NaN,NaN,NaN,NaN,NaN
1700,1.66028356498283,1.49054108858791,67.0897305452589,11.922663179138,0.976637391166371,6.43348837962855,0,NaN,NaN,NaN,NaN,NaN,NaN,NaN,NaN,NaN,NaN,NaN,NaN,NaN,NaN,NaN,NaN
