A0 f (kHz),A0 Phase velocity (m/ms),A0 Energy velocity (m/ms),A0 Propagation time (micsec),A0 Coincidence angle (deg),A0 Wavelength (mm),A0 Wavenumber (rad/mm),A0 Attenuation (Np/m),A1 f (kHz),A1 Phase velocity (m/ms),A1 Energy velocity (m/ms),A1 Propagation time (micsec),A1 Coincidence angle (deg),A1 Wavelength (mm),A1 Wavenumber (rad/mm),A1 Attenuation (Np/m)
0.001,0.00291705331802368,0.237809492606078,420.504660701859,90,2917.05331802368,0.00215394942161581,0,703.825846354166,20.0104515551094,0.844597933694053,118.39953190819,0.982157489622059,28.430970045735,0.220997922233123,0
8.5,0.265914867496491,0.519835018169511,192.368725662478,90,31.2841020584106,0.200842756983986,0,703.98095703125,19.9104515551094,0.848559195871153,117.846816682409,0.987090850499324,28.2826564500744,0.222156830221055,0
17,0.371850839051695,0.711470085877984,140.554047155188,67.2814159067107,21.8735787677468,0.287249991137451,0,704.136067708333,19.8104515551094,0.852551680268289,117.294942130114,0.992074024444576,28.1344081969613,0.223327438174378,0
25.5,0.450367064638873,0.844062336928202,118.474661911738,49.6055411861502,17.6614535152499,0.355756976726424,0,704.298014322916,19.7104515551094,0.856601816353423,116.7403548427,0.997107769782185,27.9859536080877,0.224512103291839,0
34,0.514316345352863,0.944936622617186,105.827203228753,41.8286170105278,15.1269513339077,0.415363622747668,0,704.4599609375,19.6104515551094,0.860678324713528,116.18742697312,1.00219286030819,27.8375672749544,0.225708850386241,0
42.5,0.568753123035871,1.02516292152447,97.5454709689408,37.0903474767808,13.3824264243734,0.469510170124008,0,704.628743489583,19.5104515551094,0.864778524283398,115.63654414622,1.0073300856869,27.6889805239656,0.226920066693727,0
51,0.616308884692175,1.09065076474412,91.6883783815629,33.8167906218304,12.0844879351407,0.519938067785943,0,704.797526041667,19.4104515551094,0.868925881583536,115.084614372125,1.01252025185981,27.5404649390921,0.228143763043773,0
59.5,0.658567449996993,1.14505351243183,87.3321630074938,31.3877710137708,11.0683605041511,0.567670822144175,0,704.96630859375,19.3104515551094,0.873123990831924,114.531270529766,1.01776418146716,27.3920204692185,0.229380133321682,0
68,0.696577977151356,1.19079018035613,83.9778507159784,29.4989219462365,10.2437937816376,0.613365071682959,0,705.141927083333,19.2104515551094,0.877333623176734,113.981725261948,1.0230627142827,27.2433829520949,0.23063161128807,0
76.5,0.731085336825063,1.22961451087608,81.3263011419342,27.9801393998208,9.55667106960867,0.657465895960451,0,705.317545572917,19.1104515551094,0.881598971911344,113.430259319831,1.02841670766214,27.0948194541032,0.231896186568908,0
85,0.762639857249347,1.26281384206073,79.1882355651205,26.7278744905608,8.9722336146982,0.700292210056429,0,705.5,19.0104515551094,0.885905647717165,112.878837896207,1.03382703700569,26.9460688236845,0.233176325210634,0
93.5,0.791655995232274,1.29137275318734,77.4369753064572,25.675198596707,8.46690903991737,0.742087257292764,0,714,15.5774319221014,1.06202740288689,94.1595289614673,1.26169967296088,21.8171315435594,0.287993189876257,0
102,0.818465461588813,1.31607799157632,75.9833388598998,24.7763244760767,8.02417119204719,0.78303231035336,0,722.5,13.5421677907418,1.19998988461215,83.3340357967446,1.45135952616741,18.7434848314765,0.33521969706658,0
110.5,0.843340797743117,1.33753965859761,74.7641382871955,23.9986907450093,7.63204341848974,0.823263831539224,0,731,12.1590455041346,1.31274699803406,76.1761406803881,1.61649693492709,16.6334411821267,0.377744162400449,0
119,0.866494415684592,1.35626628308063,73.7318336727058,23.3188662825726,7.28146567802178,0.862901177457255,0,739.5,11.1415156821134,1.40711564073175,71.0673644051005,1.76417271844066,15.0662821935272,0.4170362154692,0
127.5,0.888118967792774,1.37266151290171,72.8511720188083,22.7188492709672,6.96563896308058,0.902025692184429,0,748,10.3528636797039,1.48725268103206,67.2380700841004,1.89860989562003,13.8407268445239,0.453963536580127,0
136,0.908368227951693,1.38707115213126,72.0943549625037,22.1851108490624,6.67917814670363,0.940712340526585,0,756.5,9.71856267699014,1.55593642678442,64.2699780521658,2.02257630230356,12.8467451116856,0.489087722419612,0
144.5,0.927366740351773,1.39979178614306,71.4391961646928,21.7072585156975,6.41776290900881,0.97903044974748,0,765,9.19406938303071,1.61514709920532,61.91386533722,2.13801017611427,12.0183913503669,0.522797529553549,0
153,0.945247420357219,1.41102370031927,70.8705317829695,21.276431881249,6.17808771475306,1.01701134675954,0,773.5,8.75093113256517,1.66636291231669,60.0109371499234,2.24633100298576,11.3134209858632,0.555374480895815,0
161.5,0.962093500469771,1.42101660018844,70.3721546861163,20.8862751125443,5.95723529702645,1.05471498000353,0,782,8.37000701495865,1.71072894716134,58.4546138451288,2.34861894354952,10.7033337787195,0.587030680073893,0
170,0.977997746513531,1.42991371405982,69.934289752407,20.5311490473873,5.75292792066783,1.0921717417329,0,790.5,8.03788833492521,1.74915683986158,57.1704021738345,2.44571968263996,10.1681066855474,0.617930702488625,0
178.5,0.993043877719481,1.43787033322051,69.5473003994887,20.2063777546054,5.56327102363855,1.1294048556114,0,799,7.74487314286824,1.78238987835688,56.1044478619831,2.53830914683488,9.69320793850843,0.648204943816198,0
187,1.00729288722824,1.44500386256033,69.2039672633225,19.9083543258101,5.38659297983016,1.16644887235896,0,807.5,7.48375246847069,1.8110446064506,55.2167515056331,2.62693607081838,9.26780491451479,0.677958304596935,0
195.5,1.0208148354608,1.4514261764305,68.8977514832551,19.6337292796284,5.22155926066903,1.20331590498401,0,816,7.24903233100793,1.83564113752859,54.4768789256024,2.71205756514916,8.8836180527058,0.707277740882369,0
204,1.03366002603035,1.45722777544555,68.6234517931999,19.3799216124684,5.06696091191346,1.24003034884412,0,824.5,7.03644780389161,1.85662863044542,53.8610675070809,2.79405806038159,8.53419988343433,0.736236014271921,0
212.5,1.04588114606197,1.46248561292886,68.3767410195128,19.1445860759984,4.92179362852692,1.2766047870764,0,833,6.84263553891014,1.87439186065649,53.3506371314351,2.87326304542082,8.21444842606259,0.764894364330593,0
221,1.05752045007646,1.46728017535449,68.1533095585102,18.9258125256812,4.78516040758581,1.31305636007917,0,841.5,6.66490259430501,1.88926984917555,52.9305011899908,2.9499512383157,7.92026452086157,0.793304982507844,0
229.5,1.06862268659615,1.47163671387503,67.9515528915322,18.721832939248,4.6563080025976,1.34939211574372,0,850,6.50107016889863,1.90156138168958,52.5883628911036,3.02436075536771,7.64831784576309,0.821512054531083,0
238,1.07922347932771,1.47563604138923,67.767387889127,18.5312056852751,4.53455243415005,1.3856241378665,0,858.5,6.34933713409159,1.91153269316329,52.3140411658434,3.09670493019411,7.39584989410785,0.849555547657247,0
246.5,1.08935582882578,1.47930933656866,67.5991136728409,18.352662885168,4.41929342322831,1.4217624188868,0,867,6.20822661565748,1.91942013567682,52.0990679118506,3.16716277854883,7.16058433178486,0.877468236675795,0
255,1.09904785649507,1.48270730255622,67.4441947022167,18.1851275560709,4.30999159409831,1.45781845973509,0,875.5,6.07648542568275,1.92544033376482,51.9361718181471,3.23590074563097,6.94058872151085,0.905281318241235,0
263.5,1.1083376271566,1.4858438020582,67.3018253072626,18.0274428886579,4.20621490382012,1.49378608816995,0,884,5.95308138492831,1.92978595563723,51.8192184516023,3.30305280511428,6.73425496032614,0.933018625548933,0
272,1.11723276400585,1.48876561640154,67.1697404200588,17.8790433857244,4.10747339708034,1.52969592247287,0,892.5,5.83710275149674,1.93263200211295,51.7429080604428,3.36875685214792,6.5401711501364,0.960706556899286,0
280.5,1.12577609124339,1.49147496188699,67.0477229289063,17.7388349944777,4.01346200086771,1.56552754350762,0,901,5.72780669309681,1.93414675245463,51.7023849783322,3.43311464067937,6.35716614106194,0.988362608080274,0
289,1.13398152321421,1.49401196516973,66.9338682228287,17.6062619158297,3.92381149901111,1.6012964202697,0,909.5,5.62452918919205,1.93446830509392,51.6937908657775,3.49623107965561,6.18419921846295,1.01600629042174,0
297.5,1.14187043705725,1.49638586831635,66.8276826969201,17.4806890563741,3.83821995649495,1.63700501232279,0,918,5.52670735220957,1.93373689980579,51.7133432216365,3.55819279212095,6.02037837931326,1.04365289211212,0
306,1.14945504221201,1.49861422924427,66.7283134302203,17.3616653258446,3.75638902683662,1.67266629262594,0,926.5,5.43383983542421,1.93207353103432,51.7578644879347,3.61908471969183,5.86491077757605,1.07131814028659,0
314.5,1.15676189083033,1.50071273507895,66.6350045964921,17.2485481771702,3.67809822203604,1.70827012436375,0,935,5.34550805567541,1.92959586607428,51.824323299079,3.67896989139209,5.71712091516086,1.09901214272338,0
323,1.16380115466039,1.50268915914362,66.5473623680027,17.1409811713284,3.60309955003218,1.74382784042796,0,943.5,5.26132000899527,1.9263986778096,51.9103346321356,3.73792125068828,5.57638580709621,1.12674867280236,0
331.5,1.17058950723089,1.50455621173026,66.464781588319,17.0385316205035,3.5311900670615,1.77933931276834,0,952,5.18095551989663,1.92258914930745,52.0131927489667,3.79598641700916,5.44218016795865,1.15453460070514,0
340,1.17713589215604,1.5063226504738,66.386839478611,16.9409052868592,3.46216438869424,1.81481426118801,0,960.5,5.10410584903245,1.91824885424617,52.1308795668734,3.85322614167525,5.31400921294373,1.18238133495801,0
348.5,1.18346172016722,1.50799710034721,66.313124857452,16.8476415429722,3.39587294165629,1.85024157709359,0,969,5.0305191934291,1.91346150792176,52.2613073667791,3.9096783145028,5.19145427598462,1.2102938739623,0
357,1.189574422137,1.50958543263158,66.2433525379716,16.7585053019076,3.33214123847899,1.88562994708101,0,977.5,4.95995621997206,1.90829995237616,52.4026633630017,3.96538782585737,5.0741240102016,1.23827980840578,0
365.5,1.19548117858143,1.51109163549466,66.1773234998184,16.6732772386911,3.27081033811609,1.92098735715705,0,986,4.89221361204226,1.90283057296063,52.5532863624369,4.02038632898984,4.96167709132075,1.26634305125791,0
374,1.20119469641172,1.51252375166667,66.1146642423357,16.5916705108765,3.21175052516501,1.95631175520918,0,994.5,4.82709429360385,1.8971220272979,52.7114221231365,4.07471386203909,4.85379013937039,1.29449051705285,0
382.5,1.20672687700617,1.51388498369583,66.0552162660804,16.5134227428116,3.15484150851288,1.99160093786814,0,1003,4.76443181449037,1.89121762927546,52.8759876452244,4.12839740454186,4.75018127067834,1.32272537596914,0
391,1.21208887821711,1.51517794407245,65.9988487762851,16.4382934826538,3.09997155554249,2.02685256771011,0,1011.5,4.70408666912291,1.88517962811898,53.0453430052069,4.18145109464904,4.65060471490155,1.35104694816287,0
399.5,1.21728069872556,1.51640424268875,65.9454762687088,16.3662067240778,3.04701050995133,2.06208192806002,0,1020,4.64589802293835,1.87904946183175,53.2183968709994,4.23391760640341,4.5548019832729,1.37946398773295,0
408,1.22231280991172,1.51757081528393,65.8947832897609,16.296946988352,2.99586473017578,2.09728605029872,0,1028.5,4.58975983042739,1.87287145635168,53.3939473853684,4.28579964032327,4.4625764029435,1.40797260144055,0
416.5,1.22719258179439,1.51867757581902,65.8467614141666,16.2303495394338,2.94644077261559,2.1324661827843,0,1037,4.53555090858752,1.86667275674857,53.5712537928626,4.33712101433877,4.37372315196482,1.4365759077268,0
425,1.23193415701242,1.51973062198695,65.801135117786,16.1661648727077,2.89866860473511,2.16761077720845,0,1045.5,4.48317120699475,1.86049998752452,53.7489925668071,4.38789304173859,4.28806428215662,1.46527311480031,0
433.5,1.23653218844943,1.52072903486236,65.7579343246055,16.104413088505,2.85243872768035,2.20274155101279,0,1054,4.43251986931036,1.85437295657609,53.9265845338037,4.43813437260136,4.20542682097757,1.49406601865896,0
442,1.24100000219927,1.52167026362652,65.7172597706387,16.0448666741543,2.80769231266802,2.23784681776934,0,1062.5,4.38350833158536,1.84831912845783,54.1032111069674,4.48785784349859,4.12565490031564,1.52295464816965,0
450.5,1.24534128606751,1.52256406803313,65.6786811796902,15.9874327791996,2.7643535761765,2.27293113345875,0,1071,4.33605909645389,1.84235825797751,54.2782597070871,4.53707055015662,4.04860793319691,1.55193721171667,0
459,1.24956810249001,1.52340454351255,65.6424456825022,15.9319123689113,2.72237059366016,2.30798309451764,0,1079.5,4.29009282368456,1.83651284315944,54.4510213323449,4.58578658392203,3.97414805343637,1.58101440175251,0
467.5,1.25366695864972,1.52419657832994,65.6083351857213,15.8784448232941,2.68164055326144,2.34303784656669,0,1088,4.24555171859353,1.83080219327496,54.6208653055624,4.63400180275782,3.90216150606023,1.61018074147406,0
476,1.25766574507897,1.52494091915771,65.5763110188124,15.826632033499,2.6421549266365,2.37805332451802,0,1096.5,4.2023583190346,1.82522830718347,54.7876666203533,4.68173753891297,3.83252012679854,1.63943961135259,0
484.5,1.26155128462692,1.52563901941958,65.546304680936,15.7766138443276,2.6038210209018,2.41306343897764,0,1105,4.16046109054667,1.81981023317403,54.9507845252549,4.72899100663494,3.76512315886576,1.66878613051064,0
493,1.26533437342508,1.52628861824227,65.5184077276052,15.7282213828018,2.56660116313403,2.4480567520305,0,1113.5,4.11980548683413,1.81455706114862,55.1098679347673,4.77576609877354,3.69987021718377,1.69821775855753,0
501.5,1.26901771281156,1.52688167482111,65.4929597027983,15.681393070388,2.53044409334309,2.4830366036179,0,1122,4.08033446393825,1.80946867523908,55.2648417562616,4.82207322094045,3.63666173256529,1.72773432593838,0
510,1.27260393289781,1.52745302736652,65.4684616864518,15.6360701689932,2.49530182921139,2.51800613201382,0,1130.5,4.0420012202595,1.80455504413984,55.4153226440737,4.86791428738677,3.57541019041088,1.7573327178042,0
518.5,1.27609559444663,1.52796696341978,65.4464411823328,15.5921966203684,2.46112940105426,2.55296828540917,0,1139,4.00476341265803,1.79981799157643,55.5611736675727,4.91328875959016,3.51603460286043,1.78700895095514,0
527,1.27950201035217,1.52843742917323,65.4262962233871,15.5496339209314,2.42789755285042,2.58791203928805,0,1147.5,3.96857119105566,1.79526017043627,55.7022328277348,4.95820820716023,3.45844983969992,1.8167634629406,0
535.5,1.28282526180689,1.52886660473147,65.4079300905157,15.5083365920703,2.39556538152548,2.62284025125564,0,1156,3.933386184136,1.79087567278952,55.8386053925437,5.00267302007285,3.4025832042699,1.84659270030335,0
544,1.2860608884674,1.52925005986526,65.3915292367624,15.4683410937016,2.36408251556507,2.65776903547623,0,1164.5,3.89917159963621,1.78666869511969,55.9700857093155,5.04668402417864,3.34836547843384,1.87649327639063,0
552.5,1.28921752033638,1.52959215703362,65.3769042552708,15.4295229031035,2.33342537617445,2.6926874848171,0,1173,3.86589215252282,1.78263575912672,56.0967093182221,5.09024245946853,3.29573073531357,1.90646196907278,0
561,1.29230325129425,1.52989214053013,65.3640850559235,15.3917668661591,2.30357085792202,2.72758499508344,0,1181.5,3.83351399668587,1.77877485226782,56.2184696239138,5.13334995871138,3.2446161630858,1.93649571824975,0
569.5,1.29530762020538,1.53014997973678,65.3530708259083,15.3551857188929,2.2744646535652,2.76248975658108,0,1190,3.80199659704743,1.77507769625291,56.335562218541,5.17601953326372,3.19495512356927,1.9665957937338,0
578,1.29823864026614,1.53036699953318,65.3438031730322,15.3196669650292,2.24608761291719,2.79739101495647,0,1198.5,3.77131707085788,1.77154267649335,56.4479768548072,5.21824259597772,3.14669759771204,1.99675536401975,0
586.5,1.3011038268685,1.53054325556163,65.3362782375631,15.2851064624519,2.21842084717562,2.83227833671822,0,1207,3.74143786385127,1.76816040001791,56.5559549908408,5.2600326003451,3.09978282009219,2.02697597601135,0
595,1.3038934665585,1.5306785727918,65.3305022867148,15.2516085934529,2.19141759085462,2.86717845717814,0,1215.5,3.71233809856064,1.76493125699213,56.6594305607256,5.30138182474701,3.05416544513422,2.05725112802573,0
603.5,1.30662589684079,1.53077287918355,65.3264774676019,15.2189415015111,2.16508019360528,2.90205661930557,0,1224,3.68398294909035,1.76184196592038,56.7587796943866,5.34230409132723,3.00978999108689,2.08758263061092,0
612,1.30929161739939,1.53082821598385,65.3241160280879,15.1872081949705,2.1393653879075,2.93693884303005,0,1232.5,3.65635336192865,1.75889015002429,56.8540337772765,5.38279246646275,2.96661530379607,2.11796430064244,0
620.5,1.31189225688967,1.53084742179813,65.3232964801548,15.1563784746073,2.11425021255385,2.97182673548841,0,1241,3.6294238906975,1.756069065634,56.9453684692615,5.42285076133434,2.92459620523569,2.14839412563391,0
629,1.31443448357889,1.53081782925684,65.3245592576789,15.1263634512953,2.08972095958488,3.0067101917893,0,1249.5,3.60316338277146,1.75336669833945,57.0331352219169,5.46249322477462,2.88368417988913,2.17887428554023,0
637.5,1.31691216154358,1.53075509045063,65.3272366192569,15.09722610277,2.06574456712719,3.04160805124011,0,1258,3.57755522022665,1.75077944919506,57.1174170715656,5.50171397161885,2.84384357728668,2.20939905322584,0
646,1.31934628657531,1.5306531033384,65.3315893600561,15.0687113734553,2.04233171296487,3.07647639572625,0,1266.5,3.55257682091746,1.7482994305474,57.198439954127,5.540517480968,2.80503499480257,2.23996681639325,0
654.5,1.32170909935024,1.5305111270164,65.3376497790914,15.041136128758,2.01941802803703,3.11138418095987,0,1275,3.52820025711311,1.74591797953075,57.2764592451685,5.57891829117144,2.76721588793185,2.27058009264159,0
663,1.32403037830686,1.53033516362722,65.345162534839,15.0141448987678,1.99702922821547,3.14626607282768,0,1283.5,3.50441709838126,1.74363052589073,57.3515997312075,5.61690165291474,2.73036002990359,2.30122959549823,0
671.5,1.32629271853997,1.53011761715597,65.3544530686927,14.9879331695614,1.97511946171255,3.18116723012374,0,1292,3.48119513161509,1.74142007450394,57.4243983195645,5.65449196163482,2.69442347648227,2.33192197218481,0
680,1.32850645380714,1.52986366903973,65.3653015126297,14.9623740912697,1.95368596148109,3.21606718329301,0,1300.5,3.45852111482156,1.73928789461051,57.4947944557467,5.69168475333296,2.6593780198551,2.36265219170381,0
688.5,1.33066398095229,1.52957135992931,65.3777931646299,14.9375487215817,1.93270004495613,3.25098833809062,0,1309,3.43637647210664,1.73722344771796,57.5631189708849,5.72848532550131,2.62519211008911,2.39341924083656,0
697,1.33277515497519,1.52924252993536,65.3918512220732,14.9133372777679,1.91215947629152,3.28591071251303,0,1317.5,3.41474332954974,1.73521927488444,57.6296041931989,5.76489910066191,2.59183554425028,2.42422221622749,0
705.5,1.33484097174368,1.52887450740904,65.4075920001234,14.8897227616011,1.89204957015405,3.32083546133943,0,1326,3.39360448528676,1.73326736168609,57.6945035777526,5.80093161465175,2.55927940066875,2.45506032109576,0
714,1.33686240573004,1.52847334593103,65.4247588066953,14.866688728521,1.87235631054627,3.35576368225898,0,1334.5,3.37294338096847,1.73136158926709,57.7580100077947,5.83658850548786,2.5274959767467,2.48593286200482,0
722.5,1.3388404104706,1.52803574161656,65.4434953819905,14.844219265834,1.85306631207003,3.39069641828454,0,1343,3.35274921962545,1.72949328209725,57.8204038345474,5.87186646019306,2.49646256115075,2.51683538337677,0
731,1.34076819243454,1.52756022507018,65.463867387229,14.8223863478799,1.83415621400074,3.42565440130885,0,1351.5,3.33299636184245,1.72765231231768,57.8820167038401,5.90678926258626,2.46614603169993,2.54777504106217,0
739.5,1.34265455720785,1.52704929280429,65.4857708072794,14.8010853078337,1.81562482381048,3.46061874941376,0,1360,3.31367762326297,1.72583944472999,57.94281751142,5.94134944089128,2.43652766416395,2.57874572884669,0
748,1.34449302600059,1.52650099425441,65.5092924121175,14.7803846343037,1.7974505695195,3.49560951145334,0,1368.5,3.29477384137788,1.72403958902204,58.0033084140052,5.97556174007552,2.40758044675037,2.60975092884656,0
756.5,1.34629917795908,1.52591885687555,65.5342841786219,14.7601048080076,1.77964200655529,3.5305894578997,0,1377,3.27628551809759,1.72225521656508,58.0634037500221,6.0094061230458,2.3792923152488,2.64077905304484,0
765,1.3480594705905,1.52530106689076,65.5608274134656,14.7403940019198,1.76216924260196,3.56559696723684,0,1385.5,3.2581758985095,1.72046820247611,58.1237129846861,6.04293170785523,2.35162461097763,2.67184876270176,0
773.5,1.34978194443491,1.52464830072883,65.5888967653702,14.7211581563712,1.74503160237222,3.60061405113703,0,1394,3.24044624491443,1.71868008300544,58.18418505504,6.07611893525159,2.32456689018252,2.70294880896555,0
782,1.35146068359188,1.52395877686962,65.6185728366031,14.7024595289743,1.72821059282848,3.63565952740527,0,1402.5,3.2230797548781,1.71688457161769,58.2450338555828,6.10898236553355,2.29809608190952,2.73408294659238,0
790.5,1.35310991366209,1.52323793680816,65.6496254351063,14.684136322574,1.71171399577747,3.67069809715829,0,1411,3.20607763890274,1.71507577153814,58.3064618249004,6.14150315825767,2.2722024372096,2.76524010549681,0
799,1.35471726875006,1.52248121299276,65.6822554830933,14.6663227545029,1.69551598091372,3.70576590130019,0,1419.5,3.18940684834173,1.71322815171602,58.3693420516334,6.17372882249009,2.2468523059822,2.79643895170623,0
807.5,1.35628381208774,1.52168768620922,65.7165073400289,14.6490035016917,1.67960843602197,3.74086315145025,0,1428,3.1730692293909,1.71136225870505,58.4329819658801,6.20564091086453,2.22203727548382,2.82766872387931,0
816,1.35782281853082,1.52086388073973,65.7521039630196,14.6320289323061,1.66399855212111,3.77595599417462,0,1436.5,3.15704998659843,1.70945767896436,58.4980846443551,6.23725371999682,2.19773754723177,2.85893341317929,0
824.5,1.35932274863843,1.52000459822725,65.7892746618186,14.615523602143,1.64866312751781,3.81107892953209,0,1445,3.14133493733731,1.70751577154096,58.5646127940324,6.26858139938973,2.17393421269018,2.89023709664347,0
833,1.36078459458315,1.51910974903008,65.8280285962537,14.5994735538031,1.63359495148038,3.84623207943053,0,1453.5,3.12592613202932,1.70552584937815,58.6329430518223,6.29960628232005,2.15061997387638,2.92156930722375,0
841.5,1.3622150336814,1.51818257522013,65.8682306279931,14.5838028063476,1.61879386058396,3.88139926902922,0,1462,3.11080225419058,1.70348377880005,58.7032299599829,6.33035818771907,2.1277717196926,2.95294144998192,0
850,1.36361474068966,1.51722303372678,65.9098878523931,14.5685016366097,1.60425263610548,3.91658094602406,0,1470.5,3.09595803516715,1.70137981506095,58.7758236666383,6.36083542609147,2.10537778658086,2.98435052712488,0
858.5,1.36497890826215,1.51622886158449,65.9531041346211,14.5536201877508,1.58995795953657,3.95179336000239,0,1479,3.08138091061199,1.69921920531461,58.8505589433265,6.39105183033223,2.08342184625557,3.01580081752145,0
867,1.36631376754695,1.51520298771106,65.9977579314735,14.5390881913055,1.57590976649014,3.98702098355127,0,1487.5,3.06705881455917,1.69698143329904,58.9281638783716,6.42102108964492,2.06188827869524,3.04729668047562,0
875.5,1.36761473392023,1.51414296835831,66.0439615609243,14.5249533850396,1.56209564125669,4.02227952068597,0,1496,3.05299441833035,1.69467258435214,59.008448548325,6.45072648589274,2.04077167000692,3.07882817050194,0
884,1.36888266794418,1.51304902417684,66.0917117701483,14.5112041896083,1.54850980536672,4.05756895139038,0,1504.5,3.03917608036173,1.69227699302115,59.0919810482529,6.48018166442615,2.02005721526203,3.11039967566689,0
892.5,1.37012583763173,1.51192553306539,66.1408236140128,14.4977490666727,1.5351550001476,4.09286704376788,0,1513,3.02558573147512,1.68980224322106,59.1785224579784,6.50941499285494,1.99972619396901,3.14202280598668,0
901,1.37133501439814,1.51076727112092,66.1915318868438,14.4846860426954,1.52201444439305,4.12820346766499,0,1521.5,3.01221961007331,1.68723763648718,59.2684740059493,6.53842497614362,1.97976970757365,3.17369504298562,0
909.5,1.37251112773734,1.50957396649455,66.2438556967263,14.472003028439,1.50908315309218,4.16357792763444,0,1530,2.99907401662178,1.68456648319884,59.3624537810519,6.56721020311997,1.96017909583123,3.20541389332343,0
918,1.37366427011288,1.50835314224025,66.2974718582659,14.4595895169387,1.4963663073125,4.19896202986839,0,1538.5,2.98614531262471,1.68167433441933,59.4645455147112,6.59576934588251,1.94094592955782,3.2371768896267,0
926.5,1.37478588125159,1.50709782626186,66.3526934067947,14.447536079115,1.4838487655171,4.23438388951316,0,1547,2.97341060231603,1.67892276174844,59.562001468048,6.62414438660203,1.9220495166878,3.26900282881743,0
935,1.37587682333573,1.50580886620278,66.4094907690187,14.4358317058749,1.47152601426281,4.26984317387503,0,1555.5,2.96087331732585,1.67592988500627,59.6683673312658,6.65231958105777,1.90348654280029,3.3008824417199,0
943.5,1.37694645795728,1.50449199764065,66.4676184099488,14.4243745365395,1.45940271113649,4.30531289220823,0,1564,2.94853039698335,1.67293879231955,59.7750500252008,6.68029363739615,1.88524961443948,3.33281346886666,0
952,1.37798684475716,1.50314231137022,66.5273003384777,14.4132482770985,1.44746517306424,4.34081967849926,0,1572.5,2.93636038600835,1.66958941708138,59.8949651794096,6.70810765482484,1.86731980032327,3.36481480359809,0
960.5,1.37899878348047,1.50175981938341,66.5885441262224,14.4024428889433,1.43570930086462,4.37636317003427,0,1581,2.92437298462185,1.66622871526086,60.0157703946089,6.73573221411413,1.84969828249326,3.39687037969798,0
969,1.37998305200432,1.50034537810597,66.6513200622112,14.3919486646369,1.42413111661952,4.41194299728108,0,1589.5,2.91254754192498,1.66272698168718,60.1421647097645,6.76320791091747,1.83236712294745,3.4289991500572,0
977.5,1.38094040693572,1.4988982822284,66.7156678913069,14.3817562155281,1.41272675901352,4.4475587845218,0,1598,2.90088775936042,1.65908993652095,60.274007935758,6.79051957868955,1.81532400460602,3.46119221209947,0
986,1.38187158419321,1.49742003245518,66.781529452387,14.3718564599079,1.40149247889778,4.48321015045409,0,1606.5,2.88937970199379,1.65531177220416,60.4115802709741,6.81769352928464,1.79855568129087,3.49346165511538,0
994.5,1.38277729957257,1.49590994994513,66.8489436838549,14.3622406116788,1.39042463506543,4.51889670876259,0,1615,2.87802139547131,1.65136871909875,60.5558279283477,6.84472849465853,1.7820565916231,3.52580571050039,0
1003,1.38365824929702,1.49437017638366,66.9178236961323,14.3529001695125,1.37951969022634,4.55461806866177,0,1623.5,2.86681089113087,1.64727338524582,60.7063775179476,6.87162324330022,1.76582130651732,3.55822261515903,0
1011.5,1.38451511055245,1.4927983592019,66.9882837046146,14.3438269064694,1.36877420716999,4.59037383541174,0,1632,2.8557350989544,1.64301915765712,60.8635629925314,6.89840368590452,1.74983768318284,3.59072465267228,0
1020,1.38534854200792,1.49119727735242,67.0602082760958,14.3350128600595,1.35818484510581,4.62616361080815,0,1640.5,2.84478688389582,1.63859447495018,61.0279123533849,6.9250821051362,1.73409746046682,3.62331728776544,0
1028.5,1.38615918432203,1.48956576136581,67.1336590794812,14.3264503227196,1.34774835617116,4.66198699364739,0,1649,2.83396477645113,1.63399727048795,61.1996126346881,6.95165730865715,1.71859598329359,3.65599906450277,0
1037,1.38694132749229,1.48790058808298,67.2087912330492,14.3181986089634,1.33745547492024,4.69786503177182,0,1657.5,2.82326732404287,1.62923091665938,61.378653558234,6.97812812704691,1.70332870228831,3.68876852643799,0
1045.5,1.38770208393524,1.48620656795308,67.2853977073509,14.3101817422095,1.3273095016119,4.733775581015,0,1666,2.81267710732697,1.62425579852063,61.5666572291631,7.00453341759032,1.68828157702699,3.72164536572392,0
1054,1.38843609503449,1.48447836182669,67.3637302984646,14.3024553166086,1.31730179794543,4.76973865592481,0,1674.5,2.80219832575278,1.61911230710422,61.7622382099298,7.03085879324537,1.67345376276666,3.75462139855708,0
1062.5,1.38915003551774,1.48272263303037,67.4434973691749,14.2949482481546,1.30743532754611,4.80573315926252,0,1683,2.79182458782396,1.61376100634054,61.9670444428235,7.05711641514744,1.65883813893283,3.78770246458265,0
1071,1.38983887653088,1.4809345365746,67.5249293809434,14.2877126478733,1.29770203224172,4.84177812091863,0,1691.5,2.78154967393176,1.60821250594965,62.1808371903874,7.08331844706188,1.64442782969658,3.82089453468988,0
1079.5,1.39050888204756,1.47911872714997,67.6078249598559,14.2806819964508,1.2881045688259,4.87785344392238,0,1700,2.77136752525336,1.60246440134475,62.4038823677348,7.10947706997803,1.6302161913255,3.85420371887659,0
1088,1.3911553326828,1.47726943004673,67.6924587797344,14.2739051434541,1.27863541606875,4.91397721994722,0,NaN,NaN,NaN,NaN,NaN,NaN,NaN,NaN
1096.5,1.3917790565379,1.4753935044334,67.7785280330371,14.2673726995292,1.2692923452238,4.9501482702724,0,NaN,NaN,NaN,NaN,NaN,NaN,NaN,NaN
1105,1.3923784161799,1.47348445995681,67.8663418024316,14.2611011214326,1.26007096486869,4.98637416650129,0,NaN,NaN,NaN,NaN,NaN,NaN,NaN,NaN
1113.5,1.39295436333589,1.47154363460858,67.9558510180359,14.2550797759871,1.25096934291503,5.0226533070254,0,NaN,NaN,NaN,NaN,NaN,NaN,NaN,NaN
1122,1.39351681173041,1.46957877678518,68.046709424287,14.2492045144799,1.24199359334261,5.05895146388757,0,NaN,NaN,NaN,NaN,NaN,NaN,NaN,NaN
1130.5,1.39404850122835,1.4675761825938,68.1395631695654,14.2436550559453,1.23312560922455,5.0953327545689,0,NaN,NaN,NaN,NaN,NaN,NaN,NaN,NaN
1139,1.39456772925369,1.4655509425856,68.2337250069078,14.238239878322,1.22437904236496,5.13173215954696,0,NaN,NaN,NaN,NaN,NaN,NaN,NaN,NaN
1147.5,1.39505856199639,1.46349066923114,68.3297831017507,14.2331246688273,1.21573730892932,5.16820966258994,0,NaN,NaN,NaN,NaN,NaN,NaN,NaN,NaN
1156,1.39553022158508,1.46140169097735,68.4274560631736,14.2282127713592,1.20720607403554,5.20473301312649,0,NaN,NaN,NaN,NaN,NaN,NaN,NaN,NaN
1164.5,1.39598345697109,1.45928459316029,68.5267291032213,14.22349597259,1.19878356116023,5.24130085759474,0,NaN,NaN,NaN,NaN,NaN,NaN,NaN,NaN
1173,1.39641898784983,1.45714111642102,68.627532963737,14.2189664012074,1.19046802033233,5.27791187992228,0,NaN,NaN,NaN,NaN,NaN,NaN,NaN,NaN
1181.5,1.39683070063364,1.4549640796095,68.7302191177387,14.2146872212629,1.18225196837379,5.31459069239039,0,NaN,NaN,NaN,NaN,NaN,NaN,NaN,NaN
1190,1.39721989787458,1.45275663434555,68.8346538131963,14.2106444520995,1.17413436796183,5.3513341220788,0,NaN,NaN,NaN,NaN,NaN,NaN,NaN,NaN
1198.5,1.3975938920983,1.45052472826586,68.9405689205675,14.2067617930298,1.16611922578081,5.38811569886646,0,NaN,NaN,NaN,NaN,NaN,NaN,NaN,NaN
1207,1.39794158985317,1.44825616743848,69.0485580164105,14.2031540566277,1.15819518629094,5.4249796420767,0,NaN,NaN,NaN,NaN,NaN,NaN,NaN,NaN
1215.5,1.39827570566448,1.44596589026879,69.1579245907462,14.199688992011,1.15037079857218,5.46187830478501,0,NaN,NaN,NaN,NaN,NaN,NaN,NaN,NaN
1224,1.39859154951737,1.4436482439473,69.2689513662791,14.1964149940725,1.14264015483445,5.49883117672328,0,NaN,NaN,NaN,NaN,NaN,NaN,NaN,NaN
1232.5,1.39888271806924,1.441296236568,69.3819892558096,14.1933981288055,1.13499612013732,5.53586500931775,0,NaN,NaN,NaN,NaN,NaN,NaN,NaN,NaN
1241,1.39916023809525,1.43892109072487,69.4965141901033,14.1905238851964,1.12744580023791,5.57293779076006,0,NaN,NaN,NaN,NaN,NaN,NaN,NaN,NaN
1249.5,1.39941607686923,1.43651635174037,69.6128518682352,14.1878752340252,1.11998085383692,5.61008278458883,0,NaN,NaN,NaN,NaN,NaN,NaN,NaN,NaN
1258,1.39965192823899,1.43408250576234,69.7309949728738,14.1854343938991,1.11260089685134,5.64729484306636,0,NaN,NaN,NaN,NaN,NaN,NaN,NaN,NaN
1266.5,1.39986935372049,1.43162083164367,69.8508975209504,14.1831849962769,1.10530545102289,5.68456918525546,0,NaN,NaN,NaN,NaN,NaN,NaN,NaN,NaN
1275,1.40006979283624,1.42913386203862,69.9724516060048,14.1811119715113,1.09809395516568,5.7219013706633,0,NaN,NaN,NaN,NaN,NaN,NaN,NaN,NaN
1283.5,1.40024830892371,1.4266150037532,70.0959962827502,14.1792661994485,1.09096089514898,5.75931303781662,0,NaN,NaN,NaN,NaN,NaN,NaN,NaN,NaN
1292,1.40041287844185,1.42407492605434,70.2210243087898,14.1775650584977,1.08391089662682,5.79677289593929,0,NaN,NaN,NaN,NaN,NaN,NaN,NaN,NaN
1300.5,1.40055430537149,1.42150159697366,70.3481446752488,14.1761034700872,1.07693525980123,5.83432035491093,0,NaN,NaN,NaN,NaN,NaN,NaN,NaN,NaN
1309,1.40068247352649,1.41890782862011,70.4767413238182,14.1747791686671,1.07004008672765,5.87191581428933,0,NaN,NaN,NaN,NaN,NaN,NaN,NaN,NaN
1317.5,1.40079061540726,1.41628593553947,70.6072110798089,14.1736619838551,1.06321868342107,5.90958887870786,0,NaN,NaN,NaN,NaN,NaN,NaN,NaN,NaN
1326,1.40087510125162,1.41363105658889,70.7398154093339,14.1727893070625,1.05646689385492,5.9473565558245,0,NaN,NaN,NaN,NaN,NaN,NaN,NaN,NaN
1334.5,1.40095166654807,1.41096125080657,70.8736685311771,14.1719985375344,1.04979517912931,5.98515351574655,0,NaN,NaN,NaN,NaN,NaN,NaN,NaN,NaN
1343,1.40100430518938,1.40825982764096,71.009623392804,14.1714549352194,1.04319010066223,6.02304920569217,0,NaN,NaN,NaN,NaN,NaN,NaN,NaN,NaN
1351.5,1.40104049425528,1.40553355233878,71.1473588329516,14.171081233078,1.03665593359621,6.06101320944831,0,NaN,NaN,NaN,NaN,NaN,NaN,NaN,NaN
1360,1.40106311242146,1.40278977980243,71.2865187926336,14.1708476793555,1.03019346501578,6.09903432757976,0,NaN,NaN,NaN,NaN,NaN,NaN,NaN,NaN
1368.5,1.40106593969224,1.40001839661185,71.4276328382596,14.1708184856873,1.02379681380507,6.1371409077035,0,NaN,NaN,NaN,NaN,NaN,NaN,NaN,NaN
1377,1.40104812788636,1.39721611930449,71.5708891547704,14.1710024078267,1.01746414516076,6.1753383026454,0,NaN,NaN,NaN,NaN,NaN,NaN,NaN,NaN
1385.5,1.40101695722609,1.3943959554824,71.7156411755398,14.1713242831824,1.01119953607079,6.21359591559355,0,NaN,NaN,NaN,NaN,NaN,NaN,NaN,NaN
1394,1.40096630490314,1.39155139540886,71.8622397490522,14.1718473621578,1.00499734928489,6.25194216845489,0,NaN,NaN,NaN,NaN,NaN,NaN,NaN,NaN
1402.5,1.40089982372926,1.38868539134437,72.010550858601,14.172533962547,0.998859054352416,6.2903622686317,0,NaN,NaN,NaN,NaN,NaN,NaN,NaN,NaN
1411,1.40082087733529,1.38580312919742,72.1603219772741,14.1733493878535,0.992785880464416,6.32884233228657,0,NaN,NaN,NaN,NaN,NaN,NaN,NaN,NaN
1419.5,1.4007172601932,1.38288729847007,72.3124726871329,14.174419777508,0.986768059311872,6.36743888078542,0,NaN,NaN,NaN,NaN,NaN,NaN,NaN,NaN
1428,1.40060392894404,1.37996044966744,72.4658449625127,14.1755907033201,0.980815076291345,6.40608557011332,0,NaN,NaN,NaN,NaN,NaN,NaN,NaN,NaN
1436.5,1.40046580648413,1.37700313214415,72.6214760632306,14.177018033558,0.974915284708755,6.44485259973805,0,NaN,NaN,NaN,NaN,NaN,NaN,NaN,NaN
1445,1.4003147350436,1.37402925275727,72.7786543112745,14.1785795087018,0.969075941206641,6.48368723235055,0,NaN,NaN,NaN,NaN,NaN,NaN,NaN,NaN
1453.5,1.40014950065551,1.37103359914413,72.9376727619405,14.1802877702759,0.963295150089793,6.52259622255329,0,NaN,NaN,NaN,NaN,NaN,NaN,NaN,NaN
1462,1.39997135733086,1.36803352476938,73.0976238443116,14.1821299559349,0.957572747832329,6.56157490008245,0,NaN,NaN,NaN,NaN,NaN,NaN,NaN,NaN
1470.5,1.39977372958008,1.36500715610862,73.2596891909937,14.184174196798,0.951903250309474,6.60065537662242,0,NaN,NaN,NaN,NaN,NaN,NaN,NaN,NaN
1479,1.39955448629406,1.36195294900338,73.4239755295335,14.1864427235797,0.946284304458456,6.63984943803475,0,NaN,NaN,NaN,NaN,NaN,NaN,NaN,NaN
1487.5,1.399324965979,1.35889131458659,73.5894025714799,14.1888183735118,0.940722666204369,6.67910483387309,0,NaN,NaN,NaN,NaN,NaN,NaN,NaN,NaN
1496,1.39908468689917,1.35581860713827,73.756179088787,14.1913062438449,0.935217036697308,6.71842477268001,0,NaN,NaN,NaN,NaN,NaN,NaN,NaN,NaN
1504.5,1.39881812729499,1.35271963311956,73.9251486794686,14.1940672570105,0.929756149747419,6.7578851819227,0,NaN,NaN,NaN,NaN,NaN,NaN,NaN,NaN
1513,1.39853907270936,1.34960901043658,74.0955337632574,14.1969588563954,0.924348362663162,6.79742136295558,0,NaN,NaN,NaN,NaN,NaN,NaN,NaN,NaN
1521.5,1.39824693744003,1.3464865428481,74.2673593963136,14.1999872756823,0.91899240055211,6.83703728497079,0,NaN,NaN,NaN,NaN,NaN,NaN,NaN,NaN
1530,1.39794110832996,1.34335300464175,74.4405972625702,14.2031590516657,0.913686998908468,6.87673712626508,0,NaN,NaN,NaN,NaN,NaN,NaN,NaN,NaN
1538.5,1.39762094348034,1.34020862985736,74.6152485308524,14.2064810395244,0.90843090248966,6.91652528547828,0,NaN,NaN,NaN,NaN,NaN,NaN,NaN,NaN
1547,1.39727826703974,1.3370427067321,74.7919266127349,14.210038345408,0.903218013600349,6.95644375175154,0,NaN,NaN,NaN,NaN,NaN,NaN,NaN,NaN
1555.5,1.39692220480068,1.33386773483584,74.9699519587727,14.2137365167121,0.898053490710817,6.99644884427362,0,NaN,NaN,NaN,NaN,NaN,NaN,NaN,NaN
1564,1.39655779735288,1.33069359819085,75.1487796559295,14.2175233791228,0.892939768128443,7.036516382677,0,NaN,NaN,NaN,NaN,NaN,NaN,NaN,NaN
1572.5,1.39617346137279,1.32750214427779,75.3294451772079,14.2215195462281,0.887868655880949,7.07670584557957,0,NaN,NaN,NaN,NaN,NaN,NaN,NaN,NaN
1581,1.39577411226848,1.3243025193035,75.5114473788012,14.2256742198796,0.882842575754888,7.11699399160383,0,NaN,NaN,NaN,NaN,NaN,NaN,NaN,NaN
1589.5,1.39535916358978,1.32109425214653,75.694826343782,14.2299937857296,0.877860436357204,7.15738521404664,0,NaN,NaN,NaN,NaN,NaN,NaN,NaN,NaN
1598,1.39493448955142,1.31788661532639,75.8790618533097,14.2344173379142,0.872925212485242,7.19785064895902,0,NaN,NaN,NaN,NaN,NaN,NaN,NaN,NaN
1606.5,1.39449322668343,1.31467297505743,76.0645437285509,14.2390166311623,0.868031887135658,7.23842683695978,0,NaN,NaN,NaN,NaN,NaN,NaN,NaN,NaN
1615,1.39403472698467,1.31144582384724,76.2517201866879,14.2437987681688,0.863179397513728,7.27911871538808,0,NaN,NaN,NaN,NaN,NaN,NaN,NaN,NaN
1623.5,1.39356548119922,1.3082236494697,76.4395293117776,14.2486963497839,0.858371100215102,7.31989381469747,0,NaN,NaN,NaN,NaN,NaN,NaN,NaN,NaN
1632,1.39308523746567,1.30500232930266,76.62821571624,14.2537122449574,0.853606150407885,7.36075449336587,0,NaN,NaN,NaN,NaN,NaN,NaN,NaN,NaN
1640.5,1.39258623421128,1.301774042943,76.8182470238258,14.2589278567206,0.848879143073013,7.4017430613667,0,NaN,NaN,NaN,NaN,NaN,NaN,NaN,NaN
1649,1.39207553556811,1.29854848442374,77.0090614247471,14.2642697061133,0.84419377535968,7.44282354427756,0,NaN,NaN,NaN,NaN,NaN,NaN,NaN,NaN
1657.5,1.3915528674255,1.29532573343935,77.2006588138105,14.2697409461837,0.839549241282351,7.48399855329804,0,NaN,NaN,NaN,NaN,NaN,NaN,NaN,NaN
1666,1.39100978255856,1.29209512010753,77.3936828982668,14.2754304031605,0.834939845473326,7.52531495681303,0,NaN,NaN,NaN,NaN,NaN,NaN,NaN,NaN
1674.5,1.3904624548411,1.28888122631665,77.5866681569865,14.2811689512111,0.830374711759393,7.56668672371635,0,NaN,NaN,NaN,NaN,NaN,NaN,NaN,NaN
1683,1.38990229913027,1.28567243497925,77.7803095713211,14.2870468278349,0.825848068407764,7.60816129205651,0,NaN,NaN,NaN,NaN,NaN,NaN,NaN,NaN
1691.5,1.38932026233698,1.28245627285608,77.9753681404637,14.2931594929965,0.82135398305467,7.64978978224711,0,NaN,NaN,NaN,NaN,NaN,NaN,NaN,NaN
1700,1.38873367838124,1.27925806415391,78.1703104339148,14.2993252656684,0.816902163753669,7.69147835073459,0,NaN,NaN,NaN,NaN,NaN,NaN,NaN,NaN
