S0 f (kHz),S0 Phase velocity (m/ms),S0 Energy velocity (m/ms),S0 Propagation time (micsec),S0 Coincidence angle (deg),S0 Wavelength (mm),S0 Wavenumber (rad/mm),S0 Attenuation (Np/m),S1 f (kHz),S1 Phase velocity (m/ms),S1 Energy velocity (m/ms),S1 Propagation time (micsec),S1 Coincidence angle (deg),S1 Wavelength (mm),S1 Wavenumber (rad/mm),S1 Attenuation (Np/m),S2 f (kHz),S2 Phase velocity (m/ms),S2 Energy velocity (m/ms),S2 Propagation time (micsec),S2 Coincidence angle (deg),S2 Wavelength (mm),S2 Wavenumber (rad/mm),S2 Attenuation (Np/m)
0.001,6.73530163288116,6.735440765411,14.8468383113897,2.91909077114673,6735301.63288116,9.32873633528989e-07,0,1091.75667317709,20.0242956056987,-0.277355744660305,-360.547787183843,0.98147839614385,18.3413539826842,0.342569327930285,0,1330.33854166667,20.0958227454998,2.64176279679622,37.8535121023259,0.977984676369541,15.1057960933188,0.415945327764525,0
8.5,6.73534380674362,6.73514874526528,14.8474820352407,2.91907247720909,792.393389028661,0.0079293762342991,0,1091.68619791668,19.9242956056987,-0.277063115960376,-360.928590777494,0.986404919781097,18.2509366187109,0.344266458124569,0,1331.35384114583,19.9958227454998,2.65659185113483,37.6422143873108,0.982876099909475,15.0191647986612,0.41834452124393,0
17,6.73505116939545,6.73427080812402,14.8494176799904,2.91919942049649,396.179480552673,0.015859441529921,0,1091.60888671876,19.8242956056987,-0.2767572432411,-361.32748985682,0.991381152700982,18.1606213057573,0.345978543431644,0,1332.38346354167,19.8958227454998,2.67167863942737,37.4296513526168,0.987816701079151,14.9325050106925,0.420772355521091,0
25.5,6.73456329584122,6.73280705460137,14.8526460344141,2.91941107994546,264.100521405538,0.0237908856587658,0,1091.53157552084,19.7242956056987,-0.276435129912321,-361.748523176913,0.996407851116558,18.0702931990647,0.347707988905503,0,1333.4345703125,19.7958227454998,2.68696564424436,37.2167021242739,0.992807225299505,14.8457398557325,0.423231537682739,0
34,6.73387994766235,6.73075669698684,14.8571705236006,2.91970759589133,198.055292578305,0.0317243999157226,0,1091.45426432293,19.6242956056987,-0.276098982152987,-362.18894839891,1.00148578665857,17.9799522959145,0.349455059934017,0,1334.5,19.6958227454998,2.70247043364724,37.0031800366602,0.997848433133923,14.7589529752715,0.425720260624653,0
42.5,6.73299968843482,6.72811862826052,14.8629959614511,2.92008964357809,158.423522080819,0.0396606843772494,0,1091.37695312501,19.5242956056987,-0.275749357315895,-362.648170691623,1.00661574677043,17.8895985935873,0.351220027342138,0,1343,18.9606318315215,2.82332775114049,35.4191963577749,1.03654374972046,14.1181175216095,0.445044128408934,0
51,6.73192383285613,6.72489142532422,14.8701285530686,2.92055671931138,131.998506526591,0.0476004272511512,0,1091.29964192709,19.4242956056987,-0.275386261168182,-363.126321464994,1.01179853511534,17.7992320893627,0.353003167531851,0,1351.5,18.3180572929425,2.94011626605617,34.0122603838856,1.0729085865655,13.5538714709156,0.463571262326211,0
59.5,6.73065622283077,6.72107342965552,14.8785757285091,2.92110723585636,113.120272652618,0.0555442906902697,0,1091.22233072918,19.3242956056987,-0.274996427923589,-363.641087104543,1.01703497199614,17.7088527805198,0.354804762626478,0,1360,17.7510471512343,3.05326035056144,32.7518745598002,1.10718400739161,13.0522405523781,0.481387489141454,0
68,6.72918656765122,6.71666246910183,14.8883467734195,2.92174575954536,98.9586259948708,0.0634930532231243,0,1091.13818359376,19.2242956056987,-0.274610716139112,-364.151848864274,1.02232589478819,17.6185710432952,0.356622866391351,0,1368.5,17.2465852465681,3.16309362528127,31.6146190554533,1.13957330409104,12.6025467640249,0.498564728608306,0
76.5,6.72751958830045,6.71165626379497,14.8994519489079,2.92247035313288,87.9414325268032,0.0714473840901394,0,1091.06087239584,19.1242956056987,-0.274199539022571,-364.697914359982,1.02767215838588,17.5281655584477,0.358462229617143,0,1377,16.7945620706803,3.2698758974756,30.5822004061995,1.17024896233434,12.1964866163256,0.515163547079964,0
85,6.72565235003189,6.70605207020533,14.9119033006462,2.9232824212457,79.125321765081,0.0794080221984315,0,1090.97672526043,19.0242956056987,-0.273768881830145,-365.271609145276,1.03307463566319,17.4378565236187,0.360318672118291,0,1385.5,16.3869883002432,3.37381558480208,29.6400314381339,1.19935935192119,11.8274906533693,0.531235702595097,0
93.5,6.72358425235926,6.69984685195986,14.9257143050587,2.92418237090075,71.9099920038424,0.0873756919183617,0,1090.89941406251,18.9242956056987,-0.27333414377995,-365.852573765925,1.03853421794894,17.3474248512286,0.36219700393944,0,1394,16.0174428243266,3.47508350679307,28.7762869020329,1.22703448295302,11.4902746229029,0.546826382604963,0
102,6.72131966925073,6.69303750296204,14.9408993981797,2.92516845887254,65.8952908750071,0.0953510520060953,0,1090.81526692709,18.8242956056987,-0.272870128831874,-366.474705121035,1.04405181551709,17.2570885065884,0.364093010520331,0,1402.5,15.6807232899169,3.57381569108611,27.9812974825261,1.25338733021485,11.1805513653596,0.561974548647626,0
110.5,6.71885415746748,6.68562024095259,14.9574753569538,2.92624279583137,60.8041100223301,0.103334878265172,0,1090.73111979168,18.7242956056987,-0.272394184741129,-367.115032558553,1.04962835809282,17.1667382235092,0.366009268934678,0,1411,15.3725386808755,3.67013175887127,27.2469781931628,1.27851903990444,10.8947829063611,0.576715053542835,0
119,6.71617763254684,6.67759076532319,14.975460988011,2.92740997502371,56.4384675003936,0.111328063738367,0,1090.64697265626,18.6242956056987,-0.271904997650499,-367.775513006709,1.0552647953749,17.0763739987646,0.367946105398847,0,1419.5,15.089342682137,3.76412453895211,26.5666023972307,1.30251831507487,10.6300406355315,0.591078202107495,0
127.5,6.71330565857594,6.66894562650555,14.9948740926231,2.92866342211526,52.6533777143211,0.119331096691839,0,1090.56282552084,18.5242956056987,-0.271394460029885,-368.467359241558,1.060962097575,16.9859958291277,0.36990385317328,0,1428,14.8281620195325,3.85587582266255,25.9344451427246,1.32546470386896,10.3838669604569,0.605091083226196,0
136,6.71022396319327,6.65967952393725,15.0157375652334,2.93000959512101,49.3398820823035,0.127344959939277,0,1090.47867838543,18.4242956056987,-0.270868625933047,-369.182660618354,1.06672125597456,16.8956037113701,0.371882852753658,0,1436.5,14.5864741956432,3.94545879791091,25.3455948020416,1.34743075705756,10.1541762587144,0.618778436289928,0
144.5,6.70693658871956,6.64978788944061,15.0380736442425,2.93144698012404,46.4147860811042,0.13537033858565,0,1090.39453125001,18.3242956056987,-0.270330976972188,-369.916911188051,1.0725432834999,16.8051976422626,0.373883452068322,0,1445,14.3621442897756,4.0329344566893,24.7958406152952,1.36848096083884,9.93920020053677,0.632162063386173,0
153,6.70344271319541,6.63926540966446,15.0619072788437,2.93297620392288,43.8133510666367,0.143408005875272,0,1090.30354817709,18.2242956056987,-0.269756901883015,-370.704138807787,1.07842921531626,16.7148824161569,0.375903649857935,0,1453.5,14.1533446841418,4.11835506584377,24.2815392070892,1.38867363244273,9.73742324330361,0.645261600547199,0
161.5,6.69974033791977,6.62810689106882,15.0872642284552,2.93459842820596,41.4844602967168,0.151458769434126,0,1090.21940104168,18.1242956056987,-0.269178575041324,-371.500592068473,1.08438010944156,16.6244478757041,0.377948510179527,0,1462,13.9584854597955,4.20177454335713,23.799468288487,1.40806327043071,9.54752767427875,0.658095532323685,0
170,6.69582283439325,6.61630573895833,15.114174577994,2.93631686852714,39.3871931434897,0.159523560978047,0,1090.12841796876,18.0242956056987,-0.268574443346199,-372.3362459737,1.09039704738053,16.5341030548341,0.380013677569438,0,1470.5,13.7762016010853,4.28323535719338,23.3468375330012,1.42669829973908,9.36837919148949,0.670680080166633,0
178.5,6.6916900058975,6.60385607743794,15.142667984793,2.93813194649661,37.4884594167927,0.167603187885738,0,1090.03743489584,17.9242956056987,-0.267949073090484,-373.205246977029,1.09648113478016,16.4437431521895,0.382101888178846,0,1479,13.6053002478786,4.3627786795256,22.9211718827951,1.44462337495236,9.1989859688158,0.683030208816422,0
187,6.68734299679373,6.59075152238311,15.1727765278946,2.94004351352966,35.7611924962232,0.175698428061178,0,1089.94645182293,17.8242956056987,-0.267305486963242,-374.103805859217,1.10263350210712,16.3533681639935,0.38421352984725,0,1487.5,13.4447301651961,4.44044512503424,22.5202647897217,1.46188019925594,9.03847406063606,0.695159964505936,0
195.5,6.68277753350199,6.5769853657369,15.2045343632593,2.9420538252794,34.1830052864552,0.183810207865756,0,1089.85546875001,17.7242956056987,-0.266649194699342,-375.024571563976,1.10885530534823,16.262978086468,0.386348999166866,0,1496,13.2935719159429,4.51627122577724,22.1421599812775,1.47850658366672,8.88607748391905,0.707081985110994,0
204,6.67799697625416,6.56255090161959,15.2379770456822,2.94416179933843,32.7352792953635,0.191939260712815,0,1089.76448567709,17.6242956056987,-0.265969101451092,-375.983523854513,1.1151477267347,16.1725729158336,0.388508701730946,0,1504.5,13.1510197413043,4.59028716917002,21.7851294079453,1.49453666278296,8.74112312482837,0.718807551095209,0
212.5,6.67299119126817,6.54744009976676,15.2731446910927,2.94637232837654,31.4023114883208,0.200086713664898,0,1089.67350260418,17.5242956056987,-0.265267783098913,-376.977553895839,1.12151197549124,16.0821526483098,0.390693052390592,0,1513,13.0163440441519,4.66253049105231,21.4475809202548,1.51000368949346,8.60300333387439,0.730347887050038,0
221,6.667757427973,6.53164493763292,15.3100790007487,2.9486870854451,30.1708480903756,0.208253519700824,0,1089.58251953126,17.4242956056987,-0.264546847575134,-378.004882373807,1.12794928861093,15.9917172801145,0.392902475520415,0,1521.5,12.8889000143631,4.73303507594138,21.1280918893487,1.52493794958117,8.47117976625903,0.741713135660951,0
229.5,6.66230174084748,6.51515788619706,15.3488221999744,2.95110387021296,29.0296372150217,0.216440366121017,0,1089.48470052084,17.3242956056987,-0.263802053609904,-379.072105889951,1.13446093165695,15.9013665794633,0.395134926031725,0,1530,12.768116848658,4.80182991547221,20.825394018598,1.53936693372743,8.34517441088761,0.752912401564929,0
238,6.65661471980107,6.49797135900956,15.3894184007672,2.95362735499669,27.9689694109289,0.224648438591535,0,1089.39371744793,17.2242956056987,-0.26303528463347,-380.177131518101,1.1410481995923,15.8109004392364,0.397395792309666,0,1538.5,12.6534885082225,4.86893908637875,20.5383551171872,1.55331550810176,8.22456191629671,0.763953797311642,0
246.5,6.65068655573334,6.48007217085587,15.4319268926896,2.95626244162036,26.9804728427316,0.232878991550819,0,1089.29589843751,17.1242956056987,-0.262242969629438,-381.325761149306,1.14771241763853,15.7205178411687,0.399680555733683,0,1547,12.544530086816,4.93440789907204,20.2658560146205,1.56681053925239,8.10893993976471,0.774846694370991,0
255,6.64453495082542,6.4614593933356,15.4763798567148,2.95900182615283,26.0569998071585,0.241132338860188,0,1089.19807942709,17.0242956056987,-0.261441825219768,-382.494269675252,1.15445494216477,15.630119008889,0.401992160367192,0,1555.5,12.4408458142904,4.99824979730324,20.0070032622127,1.5798719201256,7.99797223676659,0.785597289059826,0
263.5,6.63814182333574,6.4421180991458,15.5228448875005,2.96185415095537,25.1921890828681,0.249410056685088,0,1089.10709635418,16.9242956056987,-0.260602675090297,-383.725915190052,1.16127716160837,15.5396064008337,0.404333619855552,0,1564,12.3420512956011,5.06049865044047,19.7608984623078,1.59252157848673,7.89133714552498,0.796213010711709,0
272,6.63150020047462,6.42203843773354,15.5713798616397,2.9648231753699,24.3805154429214,0.257713390920282,0,1089.00244140626,16.8242956056987,-0.259735232724226,-385.007451438731,1.16818049742823,15.4492726241945,0.406697807723305,0,1572.5,12.2477929190366,5.12119083118177,19.5267083958525,1.60478073526978,7.78873953515841,0.80670117145621,0
280.5,6.62461606757565,6.40121280539121,15.6220396103342,2.96790690153041,23.6171695813748,0.266043112640165,0,1088.90462239584,16.7242956056987,-0.258855163138863,-386.316420300084,1.17516640509254,15.3588250630266,0.409092836294174,0,1581,12.1577743859644,5.18034302315339,19.3037409980484,1.6166659875847,7.68992687284274,0.817066977498692,0
289,6.61748597482682,6.37963178008905,15.6748858628647,2.97110757765983,22.8978753454215,0.274400363020402,0,1088.80680338543,16.6242956056987,-0.257948125273805,-387.674847002097,1.18223637510201,15.2683612501399,0.411516678459649,0,1589.5,12.0717041083884,5.23798878262694,19.0912970893856,1.62819577859888,7.594654991122,0.827316752969622,0
297.5,6.61010113444781,6.35728271269671,15.729991022781,2.97442989839567,22.2188273426817,0.282786540003836,0,1088.70898437501,16.5242956056987,-0.257019287299859,-389.075859055403,1.1893919340504,15.177881181154,0.413969857333002,0,1598,11.9893285382662,5.29415115194822,18.8887693475092,1.63938573337585,7.50270872231927,0.837455583006733,0
306,6.6024640411911,6.33415775792712,15.7874185995528,2.97787353135102,21.5766798731735,0.291202601332169,0,1088.60432942709,16.4242956056987,-0.256056885453401,-390.538218970091,1.19663464572372,15.0874795935659,0.416450293650045,0,1606.5,11.9104070204461,5.34885981617578,18.6955731570277,1.65025173330836,7.41388547802435,0.847488853962434,0
314.5,6.59456008224013,6.31024203656385,15.8472526759772,2.98144590679716,20.9683945381244,0.299650280604726,0,1088.50651041668,16.3242956056987,-0.255077919682491,-392.037069004151,1.20396611223996,14.9969664393187,0.418963750609356,0,1615,11.8347185680759,5.40214363428587,18.5111701520353,1.66080879743294,7.32799911335968,0.857421679503851,0
323,6.58639854993936,6.28552902093875,15.9095598265275,2.98514370831403,20.391326779998,0.308130283770588,0,1088.40185546876,16.2242956056987,-0.254064454633431,-393.600907865218,1.21138797523085,14.906530638641,0.4215055440796,0,1623.5,11.7620741921708,5.45402086253482,18.3350967149627,1.67106910802193,7.2448870909583,0.867257864518147,0
331.5,6.57796464243855,6.26000385816569,15.974431049201,2.98897457032383,19.8430305955914,0.316644439815335,0,1088.29720052084,16.1242956056987,-0.25302782061981,-395.213458168524,1.21890191706774,14.8160774446373,0.424078865047631,0,1632,11.6922791039149,5.50452510128121,18.1668714666638,1.68104712801395,7.1643867058302,0.877002535620597,0
340,6.56926251361774,6.23365862637562,16.0419435830002,2.99293758896611,19.3213603341698,0.325193733697299,0,1088.19254557292,16.0242956056987,-0.251962303141601,-396.884767098675,1.22650966213335,14.7256068522892,0.426684303757763,0,1640.5,11.6251694055354,5.55367763630322,18.0060865157749,1.69075427508425,7.08635745537054,0.886659379907197,0
348.5,6.56027680077472,6.2064769233148,16.1122004054099,2.9970408024379,18.8243236751068,0.333780135510974,0,1088.08789062501,15.9242956056987,-0.250869378681283,-398.613814590123,1.23421297814144,14.6351188565766,0.429322465280567,0,1649,11.5605832841317,5.60150747055593,17.8523371656015,1.70020286710536,7.01066299826056,0.896232682805967,0
357,6.55101942807018,6.17845421715104,16.1852781432621,3.00127985410661,18.350194476387,0.342404289789123,0,1087.97639973959,15.8242956056987,-0.249744000379007,-400.410019252682,1.24201367750661,14.5447048387137,0.431991255708099,0,1657.5,11.4983856350765,5.64803090823148,17.7052855454915,1.7094024127816,6.93718590351523,0.905725375471883,0
365.5,6.5414676456005,6.14956990637725,16.2612998181056,3.00566631301177,17.8973122998646,0.351068652203556,0,1087.87174479167,15.7242956056987,-0.248594503682712,-402.261508273863,1.24991361876636,14.4541814611702,0.434696722471539,0,1666,11.4384416637763,5.69327260898725,17.5645901519176,1.71836333816996,6.86581132279492,0.915140980690661,0
374,6.53161958997184,6.11981374839091,16.3403665718247,3.01020228030928,17.4642235025985,0.359774673419904,0,1087.76708984376,15.6242956056987,-0.247418873554888,-404.172885290482,1.25791470805776,14.3636406649726,0.437436820770785,0,1674.5,11.3806174640882,5.73726342394249,17.4299125925933,1.72709687259264,6.79642727028261,0.9244835642769,0
382.5,6.52148153603319,6.08918058829603,16.4225709108068,3.01488614979817,17.0496249308057,0.368523374131647,0,1087.65559895834,15.5242956056987,-0.246204614404726,-406.166229831964,1.26601890065127,14.2731721517055,0.440209453119279,0,1683,11.3248092763231,5.78001666830179,17.3009881698803,1.73561053179415,6.72894193483249,0.933755316664951,0
391,6.51104494412729,6.05765517526772,16.5080376988577,3.0197232042909,16.6522888596606,0.377316617561224,0,1087.54410807292,15.4242956056987,-0.244963752948032,-408.223660833669,1.27422820254426,14.1826850894626,0.443018036961693,0,1691.5,11.2708981718156,5.82156404427197,17.1775143654725,1.74391488479547,6.66325638298294,0.942960160324312,0
399.5,6.50029282877196,6.02521982505401,16.5969048273029,3.02472276109948,16.2710709105681,0.386156838828515,0,1087.43261718751,15.3242956056987,-0.243689418344864,-410.358400784076,1.28254467211691,14.0921794725386,0.445863276111662,0,1700,11.2187861003452,5.86192541530905,17.0592412757145,1.75201801525946,6.59928594137953,0.952100782265261,0
408,6.48922409301972,5.99186283798581,16.689300590468,3.02988687209866,15.9049610123032,0.395045627733337,0,1087.32112630209,15.2242956056987,-0.242385976855002,-412.5651215368,1.29097042185347,14.001655295226,0.448745892874674,0,NaN,NaN,NaN,NaN,NaN,NaN,NaN,NaN
416.5,6.47783810395271,5.9575787802343,16.7853424501534,3.03521743716046,15.5530326625515,0.403984576095451,0,1087.20963541667,15.1242956056987,-0.241057805579933,-414.838257402293,1.29950762013177,13.9111125518147,0.4516666286594,0,NaN,NaN,NaN,NaN,NaN,NaN,NaN,NaN
425,6.4661347082022,5.92235740496352,16.8851680440951,3.04071619478556,15.2144346075346,0.412975274419201,0,1087.09814453126,15.0242956056987,-0.239680724708409,-417.221702419576,1.30815849308434,13.8205512365924,0.454626244613437,0,NaN,NaN,NaN,NaN,NaN,NaN,NaN,NaN
433.5,6.4540866794483,5.8861728046317,16.9889677586958,3.04639773687792,14.8883199064551,0.422021110955265,0,1086.98665364584,14.9242956056987,-0.238282337904308,-419.670215088116,1.31692532653429,13.7299713438444,0.457625522284614,0,NaN,NaN,NaN,NaN,NaN,NaN,NaN,NaN
442,6.44170278836159,5.84902405029817,17.096869347785,3.0522598439989,14.5739882089629,0.431123259954025,0,1086.86832682292,14.8242956056987,-0.236839725173787,-422.226465288382,1.32581046800966,13.6394586536829,0.460662366939544,0,NaN,NaN,NaN,NaN,NaN,NaN,NaN,NaN
450.5,6.42897367212354,5.81089756172946,17.2090454078212,3.0583089393795,14.2707517694196,0.440284114579278,0,1086.75000000001,14.7242956056987,-0.235365542976092,-424.871027150129,1.33481632883987,13.5489262532309,0.463740461033309,0,NaN,NaN,NaN,NaN,NaN,NaN,NaN,NaN
459,6.41588970690881,5.77178149626714,17.3256732024028,3.06455171669433,13.9779732176662,0.449506177278871,0,1086.63850911459,14.6242956056987,-0.233861288679464,-427.603903855428,1.34394538633828,13.4582894707227,0.466863587742564,0,NaN,NaN,NaN,NaN,NaN,NaN,NaN,NaN
467.5,6.40244870532689,5.73166604964171,17.4469341259425,3.07099145483313,13.6950774445495,0.458791513419315,0,1086.52018229167,14.5242956056987,-0.232313688576836,-430.45246542554,1.3532001860749,13.3677181909905,0.470026762788453,0,NaN,NaN,NaN,NaN,NaN,NaN,NaN,NaN
476,6.38864092453871,5.69054142586083,17.5730203009413,3.07763517803271,13.4215145473502,0.468142793051627,0,1086.40185546876,14.4242956056987,-0.230731315147259,-433.404542145384,1.36258334424377,13.2771271818889,0.473233796822432,0,NaN,NaN,NaN,NaN,NaN,NaN,NaN,NaN
484.5,6.37445093520909,5.64839071029994,17.7041577201181,3.08449283554401,13.1567614761798,0.477563214819639,0,1086.28352864584,14.3242956056987,-0.229111635133155,-436.468448849758,1.3720975501295,13.1865164369705,0.476485608402508,0,NaN,NaN,NaN,NaN,NaN,NaN,NaN,NaN
493,6.3598792989106,5.60521167306477,17.8405394537621,3.09156682644033,12.9003636894738,0.487054896933364,0,1086.16520182292,14.2242956056987,-0.227453385951258,-439.650522597319,1.38174556867799,13.0958859497855,0.479783141917367,0,NaN,NaN,NaN,NaN,NaN,NaN,NaN,NaN
501.5,6.3449157510542,5.56099191857695,17.9824034028789,3.09886493997742,12.6518758744849,0.496620846545839,0,1086.04003906251,14.1242956056987,-0.22575420207483,-442.959639647609,1.39153024317639,13.0053175736423,0.483124327537657,0,NaN,NaN,NaN,NaN,NaN,NaN,NaN,NaN
510,6.32954975097952,5.51572525652896,18.12998206929,3.10639530394618,12.4108818646657,0.506264210367521,0,1085.92171223959,14.0242956056987,-0.224018834048374,-446.39103861422,1.40145449804775,12.9146470207095,0.486516224338466,0,NaN,NaN,NaN,NaN,NaN,NaN,NaN,NaN
518.5,6.31377650688529,5.46940455181731,18.2835259400903,3.11416342460344,12.1770038705599,0.515987789276338,0,1085.79654947917,13.9242956056987,-0.222236189343078,-449.971718357827,1.4115213417663,12.8240374427215,0.489953755612723,0,NaN,NaN,NaN,NaN,NaN,NaN,NaN,NaN
527,6.29757903338129,5.42201625311196,18.4433235408701,3.12218102972698,11.9498653384844,0.525795490510228,0,1085.67822265626,13.8242956056987,-0.22042287901378,-453.673413791808,1.42173386989921,12.7333267972123,0.493444125580375,0,NaN,NaN,NaN,NaN,NaN,NaN,NaN,NaN
535.5,6.28095863814967,5.37356682189824,18.6096131888567,3.13045102707551,11.7291477836595,0.535689840649209,0,1085.55305989584,13.7242956056987,-0.218556572018982,-457.547439897231,1.43209526828151,12.6426759895234,0.496982230058438,0,NaN,NaN,NaN,NaN,NaN,NaN,NaN,NaN
544,6.26389775375186,5.32404259487694,18.7827197506318,3.13898591874834,11.5145179296909,0.545675063910231,0,1085.42789713542,13.6242956056987,-0.216648802744448,-461.576518001611,1.44260881633091,12.5520042755994,0.500572272700212,0,NaN,NaN,NaN,NaN,NaN,NaN,NaN,NaN
552.5,6.24639140366445,5.2734457720599,18.9629332171815,3.14779219745131,11.3056857984877,0.555754460115994,0,1085.30273437501,13.5242956056987,-0.214699372170187,-465.76754738124,1.45327789050977,12.4613116482075,0.504215405613693,0,NaN,NaN,NaN,NaN,NaN,NaN,NaN,NaN
561,6.22842108401159,5.22176520940149,19.1506120995168,3.15688343579002,11.1023548734609,0.565932667329785,0,1085.17757161459,13.4242956056987,-0.2127125630847,-470.117977752829,1.46410596794196,12.3705981001112,0.507912815235918,0,NaN,NaN,NaN,NaN,NaN,NaN,NaN,NaN
569.5,6.20998860774929,5.16901467431893,19.3460468388351,3.16626322710359,10.9042820153631,0.576212656489182,0,1085.05240885417,13.3242956056987,-0.210662979666503,-474.691852162674,1.47509663019266,12.2798636240708,0.51166572362118,0,NaN,NaN,NaN,NaN,NaN,NaN,NaN,NaN
578,6.19107485305162,5.11518143214868,19.5496486931049,3.17594607596146,10.7112021679094,0.586599450620391,0,1084.92041015626,13.2242956056987,-0.208574480309297,-479.445039736927,1.48625356721984,12.1891850147737,0.515472141867087,0,NaN,NaN,NaN,NaN,NaN,NaN,NaN,NaN
586.5,6.17167467869578,5.06028667954012,19.7617262287377,3.1859396986797,10.5228894777422,0.597096959012035,0,1084.79524739584,13.1242956056987,-0.206437759362489,-484.407505239424,1.49758058150649,12.0984080979382,0.519339838457784,0,NaN,NaN,NaN,NaN,NaN,NaN,NaN,NaN
595,6.15176795896714,5.00431350929016,19.982760835099,3.19625988203381,10.3391058133902,0.607710707345914,0,1084.66324869792,13.0242956056987,-0.20425197778651,-489.591342437441,1.50908159238334,12.0076859074313,0.523263629280229,0,NaN,NaN,NaN,NaN,NaN,NaN,NaN,NaN
603.5,6.13134928273063,4.94727980364685,20.2131280155785,3.20691520706437,10.1596508413101,0.618445004195575,0,1084.53808593751,12.9242956056987,-0.202017645926834,-495.00626314702,1.52076064055255,11.9168665197466,0.527251463022444,0,NaN,NaN,NaN,NaN,NaN,NaN,NaN,NaN
612,6.11041349953041,4.88920178650688,20.4532364108959,3.21791443685399,9.98433578354642,0.629304286573964,0,1084.40608723959,12.8242956056987,-0.199731107632857,-500.673135923417,1.532621892823,11.8261007168852,0.531298139395053,0,NaN,NaN,NaN,NaN,NaN,NaN,NaN,NaN
620.5,6.08893929460111,4.83007968414384,20.7035921846754,3.22927524782102,9.81295615568269,0.64029485177522,0,1084.28092447917,12.7242956056987,-0.197394342323216,-506.600132623147,1.54466964706929,11.7352388282684,0.535411796822094,0,NaN,NaN,NaN,NaN,NaN,NaN,NaN,NaN
629,6.06691282093469,4.76992550698462,20.9646879922065,3.24101192069253,9.64533039894227,0.651422506777852,0,1084.14892578126,12.6242956056987,-0.195002377971367,-512.814259191667,1.55690833742644,11.644429381878,0.53958722244973,0,NaN,NaN,NaN,NaN,NaN,NaN,NaN,NaN
637.5,6.04432852252061,4.70876269771746,21.2370013992156,3.25313478748749,9.48129964316959,0.66269240965357,0,1084.01692708334,12.5242956056987,-0.192557128641937,-519.326397860614,1.56934253973379,11.5535978200974,0.543829325290347,0,NaN,NaN,NaN,NaN,NaN,NaN,NaN,NaN
646,6.02117227233821,4.64660982233765,21.521066718206,3.26565924643588,9.32070011197865,0.674110874901409,0,1083.88492838542,12.4242956056987,-0.190055863340861,-526.161088861817,1.58197697724192,11.4627441348467,0.548139715347804,0,NaN,NaN,NaN,NaN,NaN,NaN,NaN,NaN
654.5,5.99742958559723,4.58348575674662,21.817456256476,3.27860147346405,9.16337599021731,0.685684546163709,0,1083.75292968751,12.3242956056987,-0.187499464686451,-533.33485600733,1.59481652659776,11.3718683180422,0.552520054880597,0,NaN,NaN,NaN,NaN,NaN,NaN,NaN,NaN
663,5.97308561067729,4.51941247632701,22.1267699117544,3.29197847174147,9.00917889996575,0.6974204172151,0,1083.62093098959,12.2242956056987,-0.184884381259864,-540.878571345868,1.60786622412369,11.2809703615961,0.556972060539178,0,NaN,NaN,NaN,NaN,NaN,NaN,NaN,NaN
671.5,5.94813467674985,4.4544276834192,22.4495731229922,3.30580280771342,8.8579816481755,0.709324714899781,0,1083.48893229167,12.1242956056987,-0.182210378151232,-548.816159730492,1.62113127240757,11.1900502574169,0.56149750560906,0,NaN,NaN,NaN,NaN,NaN,NaN,NaN,NaN
680,5.92256165073833,4.38855976048724,22.7865189168343,3.32009289554784,8.7096494863799,0.721405071123149,0,1083.35693359376,12.0242956056987,-0.179476136748162,-557.177136815233,1.63461704722207,11.0991079974088,0.566098222365838,0,NaN,NaN,NaN,NaN,NaN,NaN,NaN,NaN
688.5,5.89634349270099,4.32183072330022,23.138342615057,3.33487238269031,8.56404283616701,0.733670467018791,0,1083.22493489584,11.9242956056987,-0.17668013793493,-565.99457736913,1.6483291047924,11.0081435734725,0.570776104548716,0,NaN,NaN,NaN,NaN,NaN,NaN,NaN,NaN
697,5.86947936687243,4.25429410098927,23.5056621912309,3.35015319877925,8.42106078460894,0.746127532847558,0,1083.09293619792,11.8242956056987,-0.173821207350915,-575.303793616605,1.66227318943313,10.9171569775043,0.575533109959545,0,NaN,NaN,NaN,NaN,NaN,NaN,NaN,NaN
705.5,5.84195335777963,4.18598771283462,23.8892244459751,3.36595653105909,8.2805859075544,0.758785112228281,0,1082.96093750001,11.7242956056987,-0.170897357480212,-585.146555069344,1.67645524157636,10.8261482013969,0.580371263194872,0,NaN,NaN,NaN,NaN,NaN,NaN,NaN,NaN
714,5.81375456087571,4.11695929510039,24.2897713657287,3.38230157361717,8.14251339058222,0.771651823679754,0,1082.82893880209,11.6242956056987,-0.167907554871641,-595.565816418719,1.69088140621452,10.7351172370388,0.585292658519,0,NaN,NaN,NaN,NaN,NaN,NaN,NaN,NaN
722.5,5.78486099683655,4.04724471310608,24.7081674296029,3.39921490659492,8.00672802330318,0.784738196288508,0,1082.69694010417,11.5242956056987,-0.16485023163463,-606.611219216468,1.7055580417833,10.6440640763148,0.59029946288664,0,NaN,NaN,NaN,NaN,NaN,NaN,NaN,NaN
731,5.75526689084311,3.97690522350311,25.1451805813752,3.41671467417262,7.8731421215364,0.798053078451664,0,1082.55810546875,11.4242956056987,-0.161724944469407,-618.33380328609,1.72049172951154,10.5530553491648,0.595390159464753,0,NaN,NaN,NaN,NaN,NaN,NaN,NaN,NaN
739.5,5.72496106683087,3.90599693626403,25.6016585859504,3.43482313761211,7.74166472864215,0.811606486126095,0,1082.42610677084,11.3242956056987,-0.158528002738685,-630.803380301448,1.73568928326699,10.461957204157,0.600574556420765,0,NaN,NaN,NaN,NaN,NaN,NaN,NaN,NaN
748,5.6939323571698,3.83457943840952,26.0784791673209,3.45356362004716,7.61220903364946,0.825408929182714,0,1082.29410807292,11.2242956056987,-0.155258699721061,-644.086290685553,1.75115775992904,10.3708368381347,0.605851331502551,0,NaN,NaN,NaN,NaN,NaN,NaN,NaN,NaN
756.5,5.66215742825241,3.76269947955919,26.5766640528292,3.47296805322807,7.48467604527747,0.839473247628937,0,1082.1689453125,11.1242956056987,-0.151914242194058,-658.266128018847,1.7669044703214,10.2796293073133,0.611226837013423,0,NaN,NaN,NaN,NaN,NaN,NaN,NaN,NaN
765,5.62964328229973,3.69044076730245,27.0970342854454,3.49305108308411,7.35901082653559,0.853808406494426,0,1082.03694661459,11.0242956056987,-0.148494307760822,-673.426486899882,1.78293699074055,10.1884650428905,0.616695967521032,0,NaN,NaN,NaN,NaN,NaN,NaN,NaN,NaN
773.5,5.59635995770581,3.61784797396415,27.6407413245803,3.5138513707709,7.23511306749297,0.868429456259591,0,1081.90494791667,10.9242956056987,-0.144997035716295,-689.669271554368,1.79926317511801,10.0972785333265,0.622265225866718,0,NaN,NaN,NaN,NaN,NaN,NaN,NaN,NaN
782,5.56231539082317,3.54500929884303,28.208670717066,3.53538541368389,7.11293528238257,0.883346334211964,0,1081.77294921875,10.8242956056987,-0.141420621111701,-707.110456833699,1.81589116785757,10.0060697704781,0.627937387136504,0,NaN,NaN,NaN,NaN,NaN,NaN,NaN,NaN
790.5,5.52748548826024,3.47197586471913,28.8020435326643,3.55769123996978,6.99239150950062,0.898574586197379,0,1081.64778645834,10.7242956056987,-0.137759449319224,-725.903017863218,1.83282941739162,9.91477608511873,0.63371933498429,0,NaN,NaN,NaN,NaN,NaN,NaN,NaN,NaN
799,5.49186580745262,3.39882231583997,29.4219558150943,3.58079605383134,6.87342403936498,0.91412740887147,0,1081.52262369792,10.6242956056987,-0.134014504431934,-746.187887825159,1.85008669050387,9.82346126923573,0.639610126713353,0,NaN,NaN,NaN,NaN,NaN,NaN,NaN,NaN
807.5,5.45545242345474,3.32561996039698,30.0695813685407,3.60472819117714,6.75597823338048,0.930018583561314,0,1081.390625,10.5242956056987,-0.130186605105954,-768.128179689559,1.86767208746971,9.73218683646226,0.645608783797618,0,NaN,NaN,NaN,NaN,NaN,NaN,NaN,NaN
816,5.41823479795375,3.25243391080291,30.7462050705632,3.62952197654273,6.63999362494332,0.946263755973595,0,1081.27229817709,10.4242956056987,-0.126263820088864,-791.992511628589,1.88559505806899,9.64076821654732,0.651730771454,0,NaN,NaN,NaN,NaN,NaN,NaN,NaN,NaN
824.5,5.38020247354219,3.17931993877464,31.4532673419906,3.655213587406,6.5254123390445,0.962879429026185,0,1081.14713541667,10.3242956056987,-0.122256121364019,-817.954952965087,1.90386541853068,9.54938996505761,0.657967192686709,0,NaN,NaN,NaN,NaN,NaN,NaN,NaN,NaN
833,5.34134508167883,3.10634552387035,32.1921689752674,3.68184118382641,6.41217896960244,0.97988302213111,0,1081.02197265625,10.2242956056987,-0.118153435643453,-846.357107225949,1.92249336947304,9.45799055367572,0.664325606112782,0,NaN,NaN,NaN,NaN,NaN,NaN,NaN,NaN
841.5,5.30167523260016,3.03355324211418,32.9646431161059,3.70942901690565,6.3002676560905,0.997288631238642,0,1080.90364583334,10.1242956056987,-0.113951137758043,-877.569122761491,1.94148951490846,9.36651073823817,0.670813868982063,0,NaN,NaN,NaN,NaN,NaN,NaN,NaN,NaN
850,5.26116815213148,2.96099622781046,33.7724172225461,3.73802929431878,6.18960959074291,1.01511819365419,0,1080.78531901042,10.0242956056987,-0.109651077466945,-911.983742523147,1.96086488238734,9.27501089196613,0.677431582600295,0,NaN,NaN,NaN,NaN,NaN,NaN,NaN,NaN
858.5,5.21982207271436,2.8887039177654,34.6176011272753,3.76768071342636,6.08016548947508,1.03339050854059,0,1080.673828125,9.92429560569874,-0.105246629765996,-950.149189787254,1.98063094436143,9.18343291695852,0.684186988024575,0,NaN,NaN,NaN,NaN,NaN,NaN,NaN,NaN
867,5.17763584823135,2.8167088691839,35.5024266419744,3.79842380671481,5.97189832552635,1.052125298303,0,1080.55550130209,9.82429560569874,-0.100742786392135,-992.626902443977,2.00079964085369,9.09189356202463,0.691075545959253,0,NaN,NaN,NaN,NaN,NaN,NaN,NaN,NaN
875.5,5.1346089684713,2.74500098033946,36.4298594850169,3.83030105603922,5.86477323640354,1.07134326493289,0,1080.44401041667,9.72429560569874,-0.0961249032556035,-1040.31314064465,2.02138340352898,9.00027721191086,0.698110198079732,0,NaN,NaN,NaN,NaN,NaN,NaN,NaN,NaN
884,5.09071623578374,2.67356486696684,37.4032443482286,3.8633762730476,5.75872877351101,1.09107158095046,0,1080.33935546875,9.62429560569874,-0.0913933952611192,-1094.17097060779,2.04239518126741,8.90858558190987,0.705295498304296,0,NaN,NaN,NaN,NaN,NaN,NaN,NaN,NaN
892.5,5.04595745747353,2.60235868369172,38.4266783155884,3.89769801706079,5.65373384590872,1.11133376250571,0,1080.23470052084,9.52429560569874,-0.0865490781471924,-1155.41380845134,2.06384846735117,8.81687618543135,0.712631682132688,0,NaN,NaN,NaN,NaN,NaN,NaN,NaN,NaN
901,5.00031554563171,2.53131788055021,39.5051134305834,3.93333118998421,5.54973978427493,1.13215854281724,0,1080.13688151042,9.42429560569874,-0.0815826068250356,-1225.75146703099,2.0857573283848,8.7250937978529,0.720128110109919,0,NaN,NaN,NaN,NaN,NaN,NaN,NaN,NaN
909.5,4.95377307518852,2.46033553034813,40.6448627703434,3.97034523158264,5.44669936799178,1.15357666775286,0,1080.0390625,9.32429560569874,-0.0764945043478385,-1307.28345588431,2.10813643507927,8.63329478483442,0.727785331530307,0,NaN,NaN,NaN,NaN,NaN,NaN,NaN,NaN
918,4.906303141483,2.38925027336089,41.8541335392767,4.00882200055669,5.34455679900109,1.17562326372019,0,1079.94807942709,9.22429560569874,-0.0712755582478585,-1403.00549667045,2.13100109504159,8.54142507535384,0.73561323218881,0,NaN,NaN,NaN,NaN,NaN,NaN,NaN,NaN
926.5,4.8578686270689,2.31784084623379,43.1436007189569,4.04885758003824,5.24324730390599,1.19833853774147,0,1079.85709635417,9.12429560569874,-0.0659269801737973,-1516.82967635373,2.15436728772401,8.4495398849573,0.743612716517917,0,NaN,NaN,NaN,NaN,NaN,NaN,NaN,NaN
935,4.80842141033951,2.24584847989629,44.5266013692153,4.09056437410477,5.14269669555028,1.22176859323944,0,1079.77978515625,9.02429560569874,-0.060433341117024,-1654.7157273062,2.17825170170079,8.35753338759981,0.751799007647643,0,NaN,NaN,NaN,NaN,NaN,NaN,NaN,NaN
943.5,4.75789178727555,2.17293654610952,46.0206719699397,4.13408201289405,5.04281058534769,1.24596892959571,0,1079.70247395834,8.92429560569874,-0.0547968925265885,-1824.92100170604,2.20267177445525,8.26551371414484,0.760168759556605,0,NaN,NaN,NaN,NaN,NaN,NaN,NaN,NaN
952,4.70619655338034,2.09863786463929,47.6499550898878,4.17957313151534,4.94348377455918,1.27100352579591,0,1079.63199869792,8.82429560569874,-0.0490151190884098,-2040.18682112406,2.22764573487684,8.17342910949398,0.768733076779397,0,NaN,NaN,NaN,NaN,NaN,NaN,NaN,NaN
960.5,4.65320481160125,2.02238308404055,49.4466161179555,4.22725711269644,4.84456513441046,1.29695548162842,0,1079.568359375,8.72429560569874,-0.043069871383893,-2321.80865154377,2.25319264868591,8.08128131019838,0.77749864978099,0,NaN,NaN,NaN,NaN,NaN,NaN,NaN,NaN
969,4.59875922534403,1.94348486204546,51.4539639350485,4.27739705038157,4.74588155350261,1.32392375080293,0,1079.51155598959,8.62429560569874,-0.0369705949854305,-2704.85233032923,2.27933246702442,7.98907205564174,0.786472479334131,0,NaN,NaN,NaN,NaN,NaN,NaN,NaN,NaN
977.5,4.54264357123941,1.86113997042682,53.7305101115349,4.33033631116843,4.64720569947766,1.35203511819712,0,1079.46158854167,8.52429560569874,-0.0306967006546567,-3257.67909473457,2.30608607847304,7.89680308793098,0.795661894720719,0,NaN,NaN,NaN,NaN,NaN,NaN,NaN,NaN
986,4.48455327905543,1.77431388484216,56.3598137028025,4.38653811022013,4.54822847774384,1.38145771214562,0,1079.41845703125,8.42429560569874,-0.0242481436467327,-4124.02703715731,2.33347536478003,7.80447615178664,0.805074573229519,0,NaN,NaN,NaN,NaN,NaN,NaN,NaN,NaN
994.5,4.42409389286792,1.68190778410527,59.4562918044864,4.44660408495384,4.44856097824829,1.41240849297152,0,1079.38899739584,8.32429560569874,-0.0176063888310999,-5679.7564202013,2.36152326061461,7.71204415255498,0.814723720830616,0,NaN,NaN,NaN,NaN,NaN,NaN,NaN,NaN
1003,4.36072376215453,1.58261292990876,63.186644131465,4.51135513402835,4.34768071999455,1.44518093941072,0,1079.36637369792,8.22429560569874,-0.0107736097659356,-9281.94005283016,2.39025381768821,7.6195588505525,0.824612740765692,0,NaN,NaN,NaN,NaN,NaN,NaN,NaN,NaN
1011.5,4.29372434546137,1.47535685864305,67.7802115563923,4.58189975080928,4.24490790455894,1.48016999389588,0,1079.3505859375,8.12429560569874,-0.00373783111274123,-26753.4826972593,2.41969227362078,7.52702199966116,0.834750490627294,0,NaN,NaN,NaN,NaN,NaN,NaN,NaN,NaN
1020,4.22211186517046,1.35928105514302,73.5683026123529,4.65978505481282,4.13932535801025,1.51792496693226,0,1079.34847005209,8.02429560569874,0.00351611794708798,28440.4566356538,2.44986512596701,7.43438827064953,0.845151622223605,0,NaN,NaN,NaN,NaN,NaN,NaN,NaN,NaN
1028.5,4.14459878574971,1.2344628012808,81.0068961950465,4.74713135927665,4.0297508855126,1.55919943581831,0,1079.36686197917,7.92429560569874,0.0110115075986436,9081.40861768261,2.4808002118595,7.34161468619524,0.855831526951984,0,NaN,NaN,NaN,NaN,NaN,NaN,NaN,NaN
1037,4.05951975986466,1.10265985979535,90.6897980475682,4.84685682136718,3.91467672118097,1.60503299625827,0,1079.39208984375,7.82429560569874,0.0187423080549876,5335.52216229786,2.51252679377239,7.24879835540702,0.866789914564644,0,NaN,NaN,NaN,NaN,NaN,NaN,NaN,NaN
1045.5,3.96489212962501,0.96825080115619,103.279026343784,4.96282051125688,3.79234063091823,1.65680932138689,0,1079.43098958334,7.72429560569874,0.0267359111710721,3740.28771116649,2.54507565196186,7.15589572676651,0.878043161483954,0,NaN,NaN,NaN,NaN,NaN,NaN,NaN,NaN
1054,3.85877123903489,0.83899519070486,119.190194542102,5.09966077069888,3.66107328181678,1.71621402346298,0,1079.49039713542,7.62429560569874,0.0350086572455822,2856.43631798015,2.57847918419774,7.06286561319201,0.889608503302662,0,NaN,NaN,NaN,NaN,NaN,NaN,NaN,NaN
1062.5,3.74007099415044,0.724928114132502,137.944712103857,5.26196038661183,3.52006681802394,1.7849619430539,0,1079.5634765625,7.52429560569874,0.0435745355559627,2294.91832154057,2.61277151346662,6.96975747054473,0.901492675137305,0,NaN,NaN,NaN,NaN,NaN,NaN,NaN,NaN
1071,3.60999136308223,0.635281258567376,157.410593577891,5.4521300724341,3.37067354162673,1.86407411740837,0,1079.65706380209,7.42429560569874,0.052449027218465,1906.61305468015,2.64798860439991,6.87653131222388,0.913714345488466,0,NaN,NaN,NaN,NaN,NaN,NaN,NaN,NaN
1079.5,3.47290554971699,0.574132034403878,174.175963032319,5.66803298532061,3.21714270469383,1.95303282568485,0,1079.77115885417,7.32429560569874,0.0616701610092895,1621.5297376139,2.68416838926321,6.78319248077633,0.926287338150322,0,NaN,NaN,NaN,NaN,NaN,NaN,NaN,NaN
1088,3.33537184794907,0.538983230364746,185.534529399601,5.90256743525608,3.06559912495319,2.04957825569432,0,1079.90576171875,7.22429560569874,0.0712426543517234,1403.6534841375,2.72135090443599,6.68974632953224,0.939226242322841,0,NaN,NaN,NaN,NaN,NaN,NaN,NaN,NaN
1096.5,3.20355071391764,0.523425981627384,191.048980199817,6.14636616833632,2.92161487817386,2.15058642879956,0,1080.06770833333,7.12429560569874,0.08122225577112,1231.18964193502,2.75957843841543,6.5961564730903,0.95255249520118,0,NaN,NaN,NaN,NaN,NaN,NaN,NaN,NaN
1105,3.08131490086735,0.520790307998989,192.015862169605,6.39118931390713,2.78852027227814,2.25323278788517,0,1080.25699869792,7.02429560569874,0.0916281872767788,1091.36721976102,2.79889569249629,6.50243008299454,0.966282640025868,0,NaN,NaN,NaN,NaN,NaN,NaN,NaN,NaN
1113.5,2.97016169211029,0.526002182438168,190.113279637875,6.63142271508859,2.66741059013048,2.35553736287455,0,1080.4736328125,6.92429560569874,0.10250163275069,975.594215588988,2.83934995541236,6.40857434685807,0.980434175700879,0,NaN,NaN,NaN,NaN,NaN,NaN,NaN,NaN
1122,2.87000719648039,0.535730761601484,186.660925911862,6.86393352572753,2.55793867779,2.45634712111555,0,1080.72444661458,6.82429560569874,0.113891105940503,878.031688025226,2.88099129337614,6.31455652463136,0.995031920716934,0,NaN,NaN,NaN,NaN,NaN,NaN,NaN,NaN
1130.5,2.78000757446965,0.547933494609338,182.503900535041,7.08726779593002,2.45909559882322,2.55507972532111,0,1081.01627604167,6.72429560569874,0.125847219440073,794.614298551261,2.92387275712506,6.22034631182514,1.01010216991215,0,NaN,NaN,NaN,NaN,NaN,NaN,NaN,NaN
1139,2.6990444330613,0.561389747468974,178.129366364188,7.30100535440049,2.36966148644539,2.65151176365054,0,1081.34228515625,6.62429560569874,0.138425906132102,722.408130054563,2.96805060777751,6.12599331093535,1.02565983804841,0,NaN,NaN,NaN,NaN,NaN,NaN,NaN,NaN
1147.5,2.6260028313562,0.575373904716988,173.80002669601,7.50523436533065,2.28845562645421,2.74560067258762,0,1081.70930989583,6.52429560569874,0.151668841358109,659.331205437825,3.01358456352383,6.03146847864978,1.04173392092172,0,NaN,NaN,NaN,NaN,NaN,NaN,NaN,NaN
1156,2.55986276939112,0.589456427429232,169.647823565391,7.7003106105896,2.21441416037294,2.83740296626417,0,1082.13102213542,6.42429560569874,0.165736204869201,603.368467854805,3.06053806943085,5.93670773158447,1.05836190549718,0,NaN,NaN,NaN,NaN,NaN,NaN,NaN,NaN
1164.5,2.49970466911439,0.603382475829875,165.732357179354,7.88679214960775,2.14659052736315,2.92705349580471,0,1082.607421875,6.32429560569874,0.180650503367871,553.555058722217,3.10897859292765,5.8417257058385,1.07557006671845,0,NaN,NaN,NaN,NaN,NaN,NaN,NaN,NaN
1173,2.44477389063988,0.6170018060806,162.074079872202,8.0651642617861,2.08420621537926,3.01466585255156,0,1083.13850911458,6.22429560569874,0.196550157823605,508.775984243907,3.15897794787211,5.74653708027315,1.09338636807002,0,NaN,NaN,NaN,NaN,NaN,NaN,NaN,NaN
1181.5,2.39439949686014,0.630231448999292,158.671865960964,8.23600860601953,2.02657596010169,3.10039467105112,0,1083.74479166667,6.12429560569874,0.213551094183782,468.272009479568,3.21061265047781,5.65104963160221,1.11186163930366,0,NaN,NaN,NaN,NaN,NaN,NaN,NaN,NaN
1190,2.34802716172999,0.643027411890813,155.514365563284,8.39982933571739,1.97313206868066,3.18437138948375,0,1084.41943359375,6.02429560569874,0.231856460736214,431.301330497627,3.26396431081867,5.55531874390549,1.13102156632733,0,NaN,NaN,NaN,NaN,NaN,NaN,NaN,NaN
1198.5,2.30518342619065,0.655369024061908,152.585789575788,8.55710734232077,1.92339042652537,3.2667238125596,0,1085.18977864583,5.92429560569874,0.251637543355092,397.396980858645,3.31912006413304,5.45922540211486,1.1509298195941,0,NaN,NaN,NaN,NaN,NaN,NaN,NaN,NaN
1207,2.2654730153689,0.667252003781498,149.868414681819,8.70825628521613,1.8769453317058,3.34755903703882,0,1086.04899088542,5.82429560569874,0.273101266026309,366.164542021444,3.37617304673139,5.36282953584847,1.1716175696391,0,NaN,NaN,NaN,NaN,NaN,NaN,NaN,NaN
1215.5,2.22854927487063,0.678680301092115,147.344780508706,8.85368889555843,1.83344243099188,3.42698805316752,0,1087.0244140625,5.72429560569874,0.296557394124416,337.202855100779,3.43522292198715,5.26602303650708,1.19315568192941,0,NaN,NaN,NaN,NaN,NaN,NaN,NaN,NaN
1224,2.19410739387895,0.689667230318107,144.997464869942,8.99381289609374,1.7925714002279,3.50512415091569,0,1088.12972005208,5.62429560569874,0.322360041292219,310.212145398474,3.49637646267309,5.16877308105281,1.21560478834172,0,NaN,NaN,NaN,NaN,NaN,NaN,NaN,NaN
1232.5,2.16189902178108,0.70022603398874,142.811028362319,9.12894120932698,1.75407628542075,3.58204791855585,0,1089.38541666667,5.52429560569874,0.350927675515816,284.959001460952,3.55974819681791,5.07102033970873,1.23903768596213,0,NaN,NaN,NaN,NaN,NaN,NaN,NaN,NaN
1241,2.13170307532304,0.710372793917042,140.771156857787,9.25938370662124,1.71773011710156,3.6578419651753,0,1090.81201171875,5.42429560569874,0.382785900461611,261.24264211249,3.62546112532171,4.97271348997329,1.26353254010082,0,NaN,NaN,NaN,NaN,NaN,NaN,NaN,NaN
1249.5,2.10332829239752,0.720124729498291,138.864832582086,9.38541830754555,1.68333596830534,3.73257948827948,0,1092.45052083333,5.32429560569874,0.418568726735152,238.909391965336,3.6936475208141,4.87371785189622,1.28919758962554,0,NaN,NaN,NaN,NaN,NaN,NaN,NaN,NaN
1258,2.07660326479529,0.729499471500409,137.080291222588,9.50731835505694,1.65071801653043,3.80633472480413,0,1094.32828776042,5.22429560569874,0.45907639302363,217.828669737005,3.76444981869979,4.77397474243351,1.31613291778263,0,NaN,NaN,NaN,NaN,NaN,NaN,NaN,NaN
1266.5,2.05137935380691,0.738514578654208,135.406941027799,9.62532636141371,1.61972313762883,3.87917240990813,0,1096.5,5.12429560569874,0.505233104131968,197.928439728446,3.83802161305611,4.6733202058356,1.34447994796799,0,NaN,NaN,NaN,NaN,NaN,NaN,NaN,NaN
1275,2.02753492471617,0.747186137199626,133.835459494457,9.7396195781691,1.59022347036562,3.9511335508933,0,1105,4.83749602569814,0.679495247443312,147.168063906647,4.06593753441747,4.37782445764538,1.43523007100175,0,NaN,NaN,NaN,NaN,NaN,NaN,NaN,NaN
1283.5,2.0049474975504,0.755530373103216,132.357352609488,9.85043231658952,1.56209388200265,4.02228405063873,0,1113.5,4.64649933870119,0.840267665463329,119.009696683805,4.23336868461809,4.17287771773794,1.50571996885296,0,NaN,NaN,NaN,NaN,NaN,NaN,NaN,NaN
1292,1.98351516141096,0.763563292235101,130.96491281984,9.95794728026796,1.53522845310446,4.09267122067342,0,1122,4.50635449375607,0.982290057665226,101.802923911993,4.36527529544381,4.01635872883785,1.56439843434943,0,NaN,NaN,NaN,NaN,NaN,NaN,NaN,NaN
1300.5,1.96315347929777,0.771298234109287,129.651535006407,10.0622997580072,1.5095374696638,4.16232484019027,0,1130.5,4.39645883239678,1.10309871316654,90.6537182995538,4.4746111297617,3.88895075842262,1.61565051796338,0,NaN,NaN,NaN,NaN,NaN,NaN,NaN,NaN
1309,1.94377683332571,0.778752859388299,128.410443434582,10.1636664270159,1.48493264577977,4.2312931330836,0,1139,4.30601411283818,1.2031379287002,83.115989958054,4.56879475198211,3.78052160916433,1.66198899430929,0,NaN,NaN,NaN,NaN,NaN,NaN,NaN,NaN
1317.5,1.92529934698579,0.78593359114458,127.237213330412,10.2622606116074,1.46132777759832,4.29964132859087,0,1147.5,4.22883659140475,1.28457527626103,77.846741913846,4.65235868964136,3.68526064610436,1.70495004575089,0,NaN,NaN,NaN,NaN,NaN,NaN,NaN,NaN
1326,1.90767929540748,0.792860668620783,126.125565257203,10.3580880799355,1.43867216848226,4.3673502864854,0,1156,4.16115816070752,1.35023934786959,74.0609434599726,4.72819701074218,3.59961778607917,1.74551457420802,0,NaN,NaN,NaN,NaN,NaN,NaN,NaN,NaN
1334.5,1.89083517996772,0.799543015041397,125.07144471123,10.4513934506909,1.41688660919275,4.43450115655997,0,1164.5,4.10053553687155,1.40297884554717,71.2769122053293,4.79826170001865,3.52128427382701,1.7843448067744,0,NaN,NaN,NaN,NaN,NaN,NaN,NaN,NaN
1343,1.87472618515199,0.805990726252738,124.070906454378,10.54222215391,1.39592418849739,4.50109351134819,0,1173,4.04536356181875,1.44531259527825,69.1891846280823,4.86385852393326,3.44873278927429,1.82188232347851,0,NaN,NaN,NaN,NaN,NaN,NaN,NaN,NaN
1351.5,1.85929480639358,0.812217491906153,123.119732087171,10.630731942008,1.3757268267803,4.56717509964133,0,1181.5,3.99451947530216,1.47935090936968,67.5972139988125,4.92591997524592,3.3808882567094,1.85844216966075,0,NaN,NaN,NaN,NaN,NaN,NaN,NaN,NaN
1360,1.84450645198245,0.818230039270243,122.215019249583,10.7169678989396,1.35625474410474,4.63274715498015,0,1190,3.94719531148896,1.50683027591699,66.3644748836389,4.98512696387812,3.31697084999072,1.8942540020203,0,NaN,NaN,NaN,NaN,NaN,NaN,NaN,NaN
1368.5,1.83031098927249,0.82404021955697,121.35330002917,10.8010809987756,1.33745779267263,4.69785689058939,0,1198.5,3.90281151951893,1.52911333929392,65.3973760023413,5.04196508967819,3.25641344974462,1.92948021009812,0,NaN,NaN,NaN,NaN,NaN,NaN,NaN,NaN
1377,1.81667344706275,0.82965661970507,120.531793063434,10.8831489613181,1.31929807339343,4.76252139974578,0,1207,3.86092014403083,1.54729459602652,64.628933789856,5.09681489661998,3.19877393871651,1.96424799862558,0,NaN,NaN,NaN,NaN,NaN,NaN,NaN,NaN
1385.5,1.80356651711543,0.835086937722149,119.748011234337,10.9632151913966,1.30174414804434,4.82674365513304,0,1215.5,3.8211986620194,1.56220113210091,64.0122439711181,5.14993884939183,3.14372576060831,1.99864294332206,0,NaN,NaN,NaN,NaN,NaN,NaN,NaN,NaN
1394,1.79094886988703,0.84034093280075,118.999320509966,11.0414205757489,1.284755286863,4.89056972283125,0,1224,3.78336404737979,1.57452705943595,63.5111345979813,5.20158080992689,3.0909836988397,2.03274618029794,0,NaN,NaN,NaN,NaN,NaN,NaN,NaN,NaN
1402.5,1.77879477333121,0.845425775282222,118.283594992852,11.1178220266053,1.26830286868536,4.95401016769153,0,1232.5,3.74723245224729,1.5848021663185,63.0993584721685,5.25187579587013,3.04035087403431,2.06659874715127,0,NaN,NaN,NaN,NaN,NaN,NaN,NaN,NaN
1411,1.767087197393,0.850347625546683,117.598964230318,11.1924297136484,1.25236512926506,5.01705545799316,0,1241,3.71261025097297,1.59338972994789,62.7592848883682,5.30099209494767,2.99162792181544,2.10025627229963,0,NaN,NaN,NaN,NaN,NaN,NaN,NaN,NaN
1419.5,1.75579126165409,0.855114928912499,116.943344828719,11.2653758700638,1.23690825054885,5.07975050242536,0,1249.5,3.6793654148592,1.60067554149055,62.4736227973347,5.34902811623329,2.94467019996735,2.13374839302862,0,NaN,NaN,NaN,NaN,NaN,NaN,NaN,NaN
1428,1.74488357958145,0.85973369203762,116.315087946587,11.3367290159994,1.22190726861446,5.14211304619226,0,1258,3.647385197377,1.60689134398721,62.2319613421203,5.39606685934826,2.89935230316137,2.16709963129647,0,NaN,NaN,NaN,NaN,NaN,NaN,NaN,NaN
1436.5,1.73435080647193,0.864210569691914,115.712539868205,11.4064986660602,1.20734480088544,5.20413497666255,0,1266.5,3.61657371005958,1.61225052638556,62.0250999230165,5.44217694237545,2.85556550340274,2.20032960185729,0,NaN,NaN,NaN,NaN,NaN,NaN,NaN,NaN
1445,1.72416343426184,0.868553711602748,115.133927429162,11.4748079275417,1.19319268807048,5.26585971402505,0,1275,3.58684987727126,1.61691300960219,61.8462461530959,5.48741349100096,2.81321559001667,2.23345318057986,0,NaN,NaN,NaN,NaN,NaN,NaN,NaN,NaN
1453.5,1.71431817470366,0.872761774650536,114.5788036375,11.5416106320576,1.17944146866437,5.32725486945513,0,1283.5,3.55812349097141,1.62100837623331,61.6899958483663,5.53185354746334,2.7722037327397,2.26649478643118,0,NaN,NaN,NaN,NaN,NaN,NaN,NaN,NaN
1462,1.70478023338427,0.876848936351978,114.044729775277,11.607079362056,1.16606035115203,5.38838774594469,0,1292,3.53035392617616,1.62464528039249,61.551897639983,5.57550412211635,2.73247207908372,2.29945087281058,0,NaN,NaN,NaN,NaN,NaN,NaN,NaN,NaN
1470.5,1.69554754344469,0.88081327644684,113.531440401756,11.6711692967983,1.15304151203311,5.44922731888526,0,1300.5,3.50346782133904,1.62791110456311,61.428415666983,5.6184284686679,2.69393911675436,2.33234124264454,0,NaN,NaN,NaN,NaN,NaN,NaN,NaN,NaN
1479,1.68660305047896,0.884663467905516,113.037334113903,11.7339421889059,1.1403671740899,5.50979145133151,0,1309,3.4774236795555,1.63086920972661,61.3169955037434,5.6606445810584,2.65654979339611,2.36516752774554,0,NaN,NaN,NaN,NaN,NaN,NaN,NaN,NaN
1487.5,1.6779307006996,0.888404741854428,112.561308251533,11.795458032673,1.12802063912578,5.57009782378546,0,1317.5,3.45217567717448,1.63357643610462,61.2153785949908,5.7021812738578,2.62024719330131,2.39793608909976,0,NaN,NaN,NaN,NaN,NaN,NaN,NaN,NaN
1496,1.66951537091155,0.892040161173486,112.102576041475,11.8557751003365,1.11598621050237,5.63016392859474,0,1326,3.42768061509884,1.63607724038696,61.1218086356048,5.74306701599324,2.58497783944105,2.43065345138053,0,NaN,NaN,NaN,NaN,NaN,NaN,NaN,NaN
1504.5,1.66134944388561,0.895574409734087,111.660180229683,11.9149016629457,1.10425353531779,5.68998432535819,0,1334.5,3.40390383962132,1.63840743961539,61.0348791039881,5.78331951324104,2.55069602069788,2.46332187614441,0,NaN,NaN,NaN,NaN,NaN,NaN,NaN,NaN
1513,1.65341908471549,0.899011552186293,111.233275875946,11.9728940688011,1.09280838381724,5.74957641268459,0,1343,3.38081244595059,1.64059616988145,60.9534520656757,5.82295643798639,2.51735848544348,2.49594380121538,0,NaN,NaN,NaN,NaN,NaN,NaN,NaN,NaN
1521.5,1.64571749782064,0.902355701883382,110.821042955989,12.0297605691318,1.08164147079897,5.80893528660508,0,1351.5,3.35836942659287,1.64266678871387,60.8766188535993,5.8620054740093,2.48492003447493,2.5285261577873,0,NaN,NaN,NaN,NaN,NaN,NaN,NaN,NaN
1530,1.6382320066237,0.905610495166356,110.422748558839,12.0855555472923,1.07073987361026,5.86807819717619,0,1360,3.33655098725873,1.64463819354764,60.8036469007754,5.90047405709472,2.45334631416083,2.56106741674126,0,NaN,NaN,NaN,NaN,NaN,NaN,NaN,NaN
1538.5,1.63095064126289,0.908779624988808,110.037678277868,12.1403317378045,1.06009141453551,5.92702216151106,0,1368.5,3.31532887953677,1.64652611296541,60.7339289748031,5.93837960572346,2.42260056962862,2.59357047379163,0,NaN,NaN,NaN,NaN,NaN,NaN,NaN,NaN
1547,1.62386783532232,0.911866597248966,109.665164073004,12.1940964791477,1.04968832276814,5.98576279348344,0,1377,3.29468151996168,1.64834203665901,60.667020421737,5.97572979314505,2.39265179372671,2.62603414489876,0,NaN,NaN,NaN,NaN,NaN,NaN,NaN,NaN
1555.5,1.61697258540312,0.914874578398279,109.304600172709,12.2469005820587,1.03951950202708,6.044316912696,0,1385.5,3.27457791787617,1.65009615954635,60.602528780803,6.0125514101156,2.36346295046999,2.65846575082978,0,NaN,NaN,NaN,NaN,NaN,NaN,NaN,NaN
1564,1.61026536571707,0.917806938982782,108.955375855876,12.2987088978172,1.02958143588048,6.1026598656631,0,1394,3.25500375318251,1.65179570957308,60.540174199778,6.04884277859821,2.33500986598458,2.69086028230986,0,NaN,NaN,NaN,NaN,NaN,NaN,NaN,NaN
1572.5,1.60373046393678,0.920666623908513,108.616949287755,12.3496129257995,1.01986039042085,6.16082884107973,0,1402.5,3.23593777127047,1.65344737546012,60.4796992539132,6.08461643998823,2.30726400803598,2.72321905308445,0,NaN,NaN,NaN,NaN,NaN,NaN,NaN,NaN
1581,1.59736345297294,0.923456481194448,108.288806279918,12.3996193869653,1.01035006513152,6.21882011395889,0,1411,3.21734778723692,1.65505655791903,60.4208959032399,6.11990755868906,2.28018978542659,2.75555365932142,0,NaN,NaN,NaN,NaN,NaN,NaN,NaN,NaN
1589.5,1.59115499550477,0.926179375113257,107.970445776523,12.4487752981895,1.00104120509894,6.27665002716701,0,1419.5,3.19923117608783,1.65662420531098,60.3637201964146,6.15469691445642,2.25377328361242,2.78785153452023,0,NaN,NaN,NaN,NaN,NaN,NaN,NaN,NaN
1598,1.58510849147009,0.92883889694863,107.661296623682,12.4970281109702,0.99193272307265,6.33428574441676,0,1428,3.18156686099735,1.65815619822117,60.3079493399219,6.1890014401344,2.2279879978973,2.82011631710289,0,NaN,NaN,NaN,NaN,NaN,NaN,NaN,NaN
1606.5,1.5792006318834,0.931435223790717,107.361196405075,12.5445401939727,0.983006929276937,6.39180164457362,0,1436.5,3.16432595470951,1.65965104220985,60.253630104584,6.22285521706017,2.20280261379012,2.85235965666883,0,NaN,NaN,NaN,NaN,NaN,NaN,NaN,NaN
1615,1.57344688435264,0.933973742327308,107.069391213094,12.5911643514077,0.974270516627022,6.44911777576142,0,1445,3.14750689501057,1.66111509604453,60.2005244778771,6.25624018002871,2.17820546367514,2.88456962024987,0,NaN,NaN,NaN,NaN,NaN,NaN,NaN,NaN
1623.5,1.56782506845472,0.936454605581577,106.785742100009,12.6370582379477,0.965706848447624,6.50630708198852,0,1453.5,3.13109098357366,1.66254481259614,60.148754633474,6.28917287459128,2.15417336331177,2.91675006951157,0,NaN,NaN,NaN,NaN,NaN,NaN,NaN,NaN
1632,1.56234103096673,0.938882024436781,106.509654458438,12.6821536329764,0.957316808190397,6.56332914393993,0,1462,3.11506038115177,1.66394252322847,60.0982297188815,6.32166960431402,2.13068425523377,2.94890493124249,0,NaN,NaN,NaN,NaN,NaN,NaN,NaN,NaN
1640.5,1.55698274074458,0.941256364876688,106.240981449406,12.7265296300465,0.949090363148174,6.62021821224482,0,1470.5,3.09940604389513,1.66530799541263,60.0489520710082,6.35372999554378,2.10772257320308,2.98103051467116,0,NaN,NaN,NaN,NaN,NaN,NaN,NaN,NaN
1649,1.55175577049451,0.943582017255627,105.979128651525,12.7701209161667,0.941028362943914,6.67693510057791,0,1479,3.08411134363454,1.66664153908655,60.0009046065224,6.38537013610806,2.08526798082119,3.01313086134149,0,NaN,NaN,NaN,NaN,NaN,NaN,NaN,NaN
1657.5,1.54664040422643,0.94585813341798,105.724100123384,12.8130740816154,0.933116382640379,6.73354945221352,0,1487.5,3.06916801820172,1.66794235170316,59.9541104630438,6.41658986735508,2.06330623072385,3.04520250732502,0,NaN,NaN,NaN,NaN,NaN,NaN,NaN,NaN
1666,1.54164233170832,0.94808842875978,105.475393398496,12.8553248076028,0.925355541241487,6.79002289082298,0,1496,3.05455311028732,1.66921064494079,59.9085563605109,6.44742081002149,2.04181357639527,3.07725709135125,0,NaN,NaN,NaN,NaN,NaN,NaN,NaN,NaN
1674.5,1.53675886343115,0.950274589688528,105.232741236169,12.8968791199719,0.91774193098307,6.84635309236568,0,1504.5,3.04027395990094,1.67044507809116,59.8642848612966,6.47783156909394,2.02078694576333,3.10927647288723,0,NaN,NaN,NaN,NaN,NaN,NaN,NaN,NaN
1683,1.53197966483212,0.95241838440581,104.995873281455,12.937809427907,0.910267180530076,6.90257260897915,0,1513,3.02630151841372,1.6716450563311,59.8213117200121,6.50786871673144,2.00019928513795,3.14127964841575,0,NaN,NaN,NaN,NaN,NaN,NaN,NaN,NaN
1691.5,1.52731005176346,0.954521883487077,104.764491762806,12.9780551774883,0.90293233920394,6.95864466735025,0,1521.5,3.01263615680509,1.67281029473937,59.7796416691592,6.5375169867485,1.98004348130469,3.17325622720137,0,NaN,NaN,NaN,NaN,NaN,NaN,NaN,NaN
1700,1.52273277299697,0.956585124638474,104.538527125637,13.0177510742078,0.895725160586454,7.01463527391128,0,1530,2.99925751423372,1.6739406452899,59.7392746758242,6.56680664590258,1.96029902891093,3.20521778285545,0,NaN,NaN,NaN,NaN,NaN,NaN,NaN,NaN
NaN,NaN,NaN,NaN,NaN,NaN,NaN,NaN,1538.5,2.98616623811095,1.6751191189451,59.6972471205357,6.59572292093583,1.94095953078385,3.23715420518951,0,NaN,NaN,NaN,NaN,NaN,NaN,NaN,NaN
NaN,NaN,NaN,NaN,NaN,NaN,NaN,NaN,1547,2.97335615595138,1.67608921231866,59.6626953177882,6.62426622742947,1.92201432188195,3.26906268889161,0,NaN,NaN,NaN,NaN,NaN,NaN,NaN,NaN
NaN,NaN,NaN,NaN,NaN,NaN,NaN,NaN,1555.5,2.96080208778731,1.67710477452583,59.6265668781924,6.65248034237996,1.90344075074723,3.30096185274641,0,NaN,NaN,NaN,NaN,NaN,NaN,NaN,NaN
NaN,NaN,NaN,NaN,NaN,NaN,NaN,NaN,1564,2.94851142211788,1.6780835940783,59.5917869365298,6.68033682366217,1.88523748217256,3.33283491687149,0,NaN,NaN,NaN,NaN,NaN,NaN,NaN,NaN
NaN,NaN,NaN,NaN,NaN,NaN,NaN,NaN,1572.5,2.93647251105041,1.67897426891378,59.5601742394156,6.7078503385191,1.86739110400662,3.36468632291252,0,NaN,NaN,NaN,NaN,NaN,NaN,NaN,NaN
NaN,NaN,NaN,NaN,NaN,NaN,NaN,NaN,1581,2.92466820591103,1.6799184147136,59.5267002993406,6.7350491479422,1.84988501322646,3.39652749346882,0,NaN,NaN,NaN,NaN,NaN,NaN,NaN,NaN
NaN,NaN,NaN,NaN,NaN,NaN,NaN,NaN,1589.5,2.9130998139598,1.6807736398919,59.4964114301743,6.76191973993793,1.83271457311092,3.42834907266235,0,NaN,NaN,NaN,NaN,NaN,NaN,NaN,NaN
NaN,NaN,NaN,NaN,NaN,NaN,NaN,NaN,1598,2.90175685878727,1.68158622952092,59.4676610954943,6.78847619170408,1.81586787158152,3.46015555730234,0,NaN,NaN,NaN,NaN,NaN,NaN,NaN,NaN
NaN,NaN,NaN,NaN,NaN,NaN,NaN,NaN,1606.5,2.89063494723825,1.68235532799222,59.4404751101798,6.81471893339621,1.79933703531793,3.49194463508022,0,NaN,NaN,NaN,NaN,NaN,NaN,NaN,NaN
NaN,NaN,NaN,NaN,NaN,NaN,NaN,NaN,1615,2.879724232535,1.68308030417365,59.4148715019855,6.84066172591635,1.78311097989783,3.52372083286683,0,NaN,NaN,NaN,NaN,NaN,NaN,NaN,NaN
NaN,NaN,NaN,NaN,NaN,NaN,NaN,NaN,1623.5,2.86902070420617,1.68376019579535,59.3908801560446,6.86630500182695,1.76718244792496,3.55548195635225,0,NaN,NaN,NaN,NaN,NaN,NaN,NaN,NaN
NaN,NaN,NaN,NaN,NaN,NaN,NaN,NaN,1632,2.85851509707744,1.68439432334535,59.3685211437851,6.89166220693926,1.75154111340529,3.58723255714164,0,NaN,NaN,NaN,NaN,NaN,NaN,NaN,NaN
NaN,NaN,NaN,NaN,NaN,NaN,NaN,NaN,1640.5,2.84820375134615,1.68498223689856,59.3478066475428,6.9167337638829,1.73618028122289,3.6189705499673,0,NaN,NaN,NaN,NaN,NaN,NaN,NaN,NaN
NaN,NaN,NaN,NaN,NaN,NaN,NaN,NaN,1649,2.83808307488384,1.6855230411693,59.3287647557917,6.94152018397559,1.72109343534496,3.65069390083418,0,NaN,NaN,NaN,NaN,NaN,NaN,NaN,NaN
NaN,NaN,NaN,NaN,NaN,NaN,NaN,NaN,1657.5,2.82813946084224,1.68601566679649,59.3114298813158,6.9660470189978,1.7062681513377,3.68241375322725,0,NaN,NaN,NaN,NaN,NaN,NaN,NaN,NaN
NaN,NaN,NaN,NaN,NaN,NaN,NaN,NaN,1666,2.81837228768652,1.68646201871468,59.2957320652939,6.9903083975225,1.69170005263297,3.71412491085545,0,NaN,NaN,NaN,NaN,NaN,NaN,NaN,NaN
NaN,NaN,NaN,NaN,NaN,NaN,NaN,NaN,1674.5,2.80877842462479,1.68685633927826,59.2818710589107,7.01430478509681,1.6773833530157,3.74582548222104,0,NaN,NaN,NaN,NaN,NaN,NaN,NaN,NaN
NaN,NaN,NaN,NaN,NaN,NaN,NaN,NaN,1683,2.79935479641836,1.68720158862307,59.2697403050752,7.03803672096945,1.66331241617253,3.77751362046459,0,NaN,NaN,NaN,NaN,NaN,NaN,NaN,NaN
NaN,NaN,NaN,NaN,NaN,NaN,NaN,NaN,1691.5,2.79008899557886,1.68749815637663,59.2593240011109,7.06152869456136,1.64947620193844,3.80920033874735,0,NaN,NaN,NaN,NaN,NaN,NaN,NaN,NaN
NaN,NaN,NaN,NaN,NaN,NaN,NaN,NaN,1700,2.78097837880616,1.68774255484514,59.2507427823762,7.08478103109315,1.63586963459186,3.84088387871275,0,NaN,NaN,NaN,NaN,NaN,NaN,NaN,NaN
