A0 f (kHz),A0 Phase velocity (m/ms),A0 Energy velocity (m/ms),A0 Propagation time (micsec),A0 Coincidence angle (deg),A0 Wavelength (mm),A0 Wavenumber (rad/mm),A0 Attenuation (Np/m),A1 f (kHz),A1 Phase velocity (m/ms),A1 Energy velocity (m/ms),A1 Propagation time (micsec),A1 Coincidence angle (deg),A1 Wavelength (mm),A1 Wavenumber (rad/mm),A1 Attenuation (Np/m)
0.001,0.00291705331802368,0.23792045020696,420.308552346018,90,2917.05331802368,0.00215394942161581,0,703.825846354166,20.0104517665216,0.843696793101564,118.525992770915,0.982157479244462,28.4309703461107,0.22099791989826,0
8.5,0.265914867496491,0.520067909863558,192.282580992616,90,31.2841020584106,0.200842756983986,0,703.98095703125,19.9104517665216,0.847654518544152,117.972591205849,0.987090840017207,28.2826567503839,0.22215682786216,0
17,0.371850839051695,0.711778245588907,140.493195204726,67.2814159067107,21.8735787677468,0.287249991137451,0,704.136067708333,19.8104517665216,0.851641860762114,117.420249763806,0.992074013856352,28.1344084972046,0.223327435791084,0
25.5,0.450367010042523,0.844415976437564,118.425044990126,49.6055493489887,17.6614513742166,0.355757019853545,0,704.298014322916,19.7104517665216,0.855666712307056,116.867932995055,0.997107759086234,27.985953908262,0.224512100883746,0
34,0.514316331014974,0.945319680905377,105.784320394372,41.8286184400855,15.1269509122051,0.415363634326996,0,704.4599609375,19.6104517665216,0.859741237854114,116.314067066966,1.00219284950286,27.8375675750597,0.225708847952967,0
42.5,0.568753314416338,1.02556577405343,97.5071541289463,37.090332900898,13.3824309274433,0.469510012137982,0,704.628743489583,19.5104517665216,0.86385364260391,115.76034998078,1.00733007477051,27.688980823999,0.226920064234857,0
51,0.616303441290287,1.09107324210054,91.6528754820154,33.8171296121619,12.0843812017703,0.519942660056033,0,704.797526041667,19.4104517665216,0.86799889410858,115.207520054157,1.01252024083063,27.5404652390537,0.228143760558907,0
59.5,0.658563529482626,1.14547388554472,87.3001133085162,31.3879791158435,11.0682946131534,0.56767420156243,0,704.96630859375,19.3104517665216,0.872190155898039,114.653896657474,1.01776417032343,27.3920207691083,0.229380130810412,0
68,0.696579940300792,1.19122013891758,83.9475397812419,29.4988305921849,10.2438226514822,0.613363343055381,0,705.141927083333,19.2104517665216,0.876399911263115,114.103160800045,1.02306270302264,27.2433832519099,0.230631608749956,0
76.5,0.731086260453359,1.23003939841497,81.2982089263649,27.9801009439836,9.55668314318116,0.657465065341497,0,705.317545572917,19.1104517665216,0.879133087110595,113.748420422516,1.02841669628391,27.0948197538437,0.231896184003522,0
85,0.762638250735685,1.26323678834154,79.1617224283714,26.7279352673145,8.97221471453748,0.700293685236833,0,705.5,19.0104517665216,0.884960702982706,112.999367839675,1.03382702550742,26.9460691233474,0.233176322617518,0
93.5,0.791654950783229,1.29179640149187,77.4115796301274,25.6752349362365,8.46689786933935,0.742088236345981,0,714,15.5774326165546,1.06089327459879,94.26018846035,1.26169961670431,21.8171325161829,0.287993177037313,0
102,0.818464050940071,1.31649590739253,75.9592182842875,24.7763700559877,8.02415736215756,0.783033659934374,0,722.5,13.5421671175864,1.19870639114755,83.4232642275875,1.45135959832717,18.7434838997736,0.335219713729713,0
110.5,0.843339865462433,1.33795185498394,74.7411049414783,23.9987189433247,7.63203498156048,0.823264741626603,0,731,12.1590439015816,1.31133936191942,76.2579107315357,1.61649714803674,16.6334389898517,0.377744212186852,0
119,0.86649772441033,1.35666918782404,73.7099367314368,23.3187719738242,7.28149348243975,0.862897882464949,0,739.5,11.1415133958248,1.40560264933878,71.1438613515999,1.76417308057128,15.0662791018591,0.417036301046905,0
127.5,0.888119876952776,1.37306036856764,72.8300097280636,22.7188247131487,6.96564609374726,0.902024768789173,0,748,10.3528608634756,1.48564826219002,67.3106835211374,1.89861041227691,13.8407230795129,0.453963660069176,0
136,0.908367550010789,1.38746412239304,72.0739357407844,22.185128286744,6.67917316184404,0.940713042607339,0,756.5,9.71855943453932,1.55425127851333,64.3396607629957,2.02257697738608,12.8467408255642,0.489087885596356,0
144.5,0.92737137035073,1.40016736916885,71.420033206002,21.7071446385743,6.41779495052409,0.979025561835143,0,765,9.19406961363832,1.6133898456017,61.9812999769474,2.13801012246334,12.0183916518148,0.522797516440631,0
153,0.945242547223755,1.41140805397953,70.851232369013,21.2765469069401,6.17805586420755,1.01701658989215,0,773.5,8.75093174653762,1.66454124203363,60.0766129878684,2.24633084530056,11.313421779622,0.555374441930293,0
161.5,0.962092217923588,1.42138548093448,70.3538915665974,20.8863042582227,5.95722735556401,1.0547163860233,0,782,8.37000778604911,1.70884891993847,58.5189239570696,2.34861872706076,10.7033347647687,0.587030625993447,0
170,0.977994197488783,1.4302778750337,69.9164838843946,20.531226914215,5.75290704405166,1.09217570509439,0,790.5,8.03788701974546,1.74722334512608,57.2336675096245,2.44572008305813,10.1681050218159,0.617930803596037,0
178.5,0.993043037403233,1.43822448717176,69.5301748036899,20.2063955993267,5.5632663159845,1.12940581131746,0,799,7.74487942069126,1.78041056035681,56.166820297875,2.53830708799214,9.69321579560858,0.648204418396021,0
187,1.00729369360884,1.44535079404153,69.1873560468853,19.9083377143849,5.38659729202589,1.166447938568,0,807.5,7.48375650609201,1.80901644565604,55.2786572173672,2.62693465254517,9.26780991466503,0.677957938826228,0
195.5,1.02081459514181,1.45176652580796,68.8815992257062,19.6337340916186,5.22155803141592,1.20331618826724,0,816,7.24903181485514,1.83357255862325,54.5383380274219,2.71205775840014,8.88361742016561,0.707277791242664,0
204,1.0336596166482,1.45756069722981,68.6077774943142,19.3799295946683,5.06695890513824,1.24003083995965,0,824.5,7.03644517270049,1.85452106489215,53.9222777746209,2.79405910601383,8.53419669217767,0.736236289578218,0
212.5,1.04587822383674,1.46281191338004,68.3614886406928,19.1446416505417,4.92177987687879,1.27660835396079,0,833,6.84263478444369,1.87224866000253,53.4117086775562,2.87326336249161,8.21444752034056,0.76489444866757,0
221,1.05752333804872,1.46758839989625,68.1389959249263,18.9257588759339,4.78517347533359,1.31305277427618,0,841.5,6.66490160016606,1.88709429199754,52.9915226939441,2.94995167872063,7.92026333947245,0.79330510083748,0
229.5,1.06862187677065,1.47194986329155,67.9370965641328,18.721847654558,4.6563044739462,1.34939313834317,0,850,6.50106826227375,1.89935323352484,52.6495010169429,3.02436164317302,7.648315602675,0.821512295463075,0
238,1.07922659013075,1.47593667440333,67.7535843740902,18.53115032633,4.53456550475104,1.38562014389173,0,858.5,6.3493401196366,1.90929344172122,52.375395952678,3.09670347266235,7.39585337173745,0.849555148184817,0
246.5,1.08935945070523,1.4796142536018,67.5851829330326,18.352599690413,4.41930811645122,1.42175769184093,0,867,6.20822647603436,1.91715522957749,52.1606171775869,3.16716284985101,7.16058417074321,0.87746825641007,0
255,1.09904763801597,1.48299568779519,67.4310794178186,18.1851312975701,4.30999073731753,1.45781874953405,0,875.5,6.0764906044728,1.92314965848128,51.9980333090512,3.23589798484486,6.94059463674791,0.905280546700194,0
263.5,1.10833431902886,1.48636014023647,67.2784457097261,18.0274985453705,4.20620234925565,1.4937905467842,0,884,5.95307873098151,1.92747082367302,51.8814597719506,3.30305427928436,6.73425195812388,0.933019041498715,0
272,1.11723613331765,1.48904299432376,67.1572280862276,17.8789876458358,4.10748578425607,1.52969130928291,0,892.5,5.83710714195613,1.93029694065976,51.8055009535585,3.36875431536786,6.54017606941863,0.960705834290806,0
280.5,1.12577989733689,1.49175190498084,67.0352755482382,17.7387730295329,4.01347556982847,1.56552225069309,0,901,5.72781140464854,1.93178534333777,51.7655858322325,3.43311181330221,6.35717137030915,0.988361795078372,0
289,1.13398001264466,1.49427917907653,66.9218987992594,17.6062861362351,3.92380627212684,1.60129855334929,0,909.5,5.62452654931714,1.93208641922449,51.7575192315355,3.49623272265353,6.18419631590669,1.01600676728491,0
297.5,1.14187032134992,1.49665048016146,66.8158673822174,17.4806908848043,3.83821956756274,1.63700517820282,0,918,5.52670498309781,1.93133727380702,51.7775954289339,3.55819431936188,6.02037579858149,1.04365333949087,0
306,1.14945530438873,1.4988739812622,66.7167495400714,17.3616612400355,3.75638988362329,1.67266591111119,0,926.5,5.43384457457382,1.92965684934344,51.8226854862951,3.61908155908789,5.86491589268626,1.07131720593213,0
314.5,1.15676529475633,1.50096839215521,66.6236547835709,17.2484958301796,3.67810904533014,1.70826509756608,0,935,5.34550582578892,1.92715815557951,51.8898771802821,3.67897142819301,5.71711853025553,1.09901260117809,0
323,1.16380133895171,1.50293721746558,66.5363787907461,17.1409783730185,3.60310012059352,1.74382756428777,0,943.5,5.26132419855844,1.92394894999866,51.9764310794574,3.73791826997244,5.57639024754471,1.12674777557867,0
331.5,1.17059088111046,1.50480004030337,66.4540120425835,17.0385110118928,3.53119421149459,1.77933722442307,0,952,5.18095339045921,1.92012461370116,52.0799531897275,3.79598797949441,5.44217793115463,1.15453507523348,0
340,1.17713426921389,1.5065653871865,66.3761432796151,16.9409293489968,3.46215961533497,1.81481676331427,0,960.5,5.10410830951368,1.9157689471569,52.198361471724,3.85322428138761,5.31401177461081,1.18238076498048,0
348.5,1.18346439015135,1.50823132874935,66.3028264257854,16.847602398696,3.3958806030168,1.85023740281027,0,969,5.03052066687871,1.91097266838391,52.329372185406,3.90967716756947,5.19145579657246,1.21029351946479,0
357,1.18957274049445,1.50981503027656,66.2332789081339,16.7585296921493,3.33213652799566,1.88563261270661,0,977.5,4.95995502897405,1.90579902855799,52.4714298315411,3.96538877956037,5.07412279178931,1.23828010574492,0
365.5,1.19548200275874,1.51131742097579,66.1674368415832,16.673265408116,3.27081259304717,1.92098603280906,0,986,4.89221041223377,1.90032180528843,52.6226661830163,4.02038896289566,4.96167384607887,1.26634387952467,0
374,1.20119866577687,1.51274447081606,66.1050176875239,16.5916140979073,3.21176113844082,1.95630529057021,0,994.5,4.82709496183638,1.89460094740137,52.7815633878785,4.07471329700856,4.85379081129852,1.29449033785176,0
382.5,1.20672900689242,1.51410070729872,66.0458049573255,16.5133927617107,3.15484707684294,1.99159742267672,0,1003,4.76443569810211,1.88869563598707,52.946593455614,4.12839403354512,4.75018514267409,1.32272429778232,0
391,1.21208584975765,1.51538953464753,65.9896334992568,16.4383357198887,3.09996381012187,2.02685763190654,0,1011.5,4.70407902080662,1.88264047384711,53.116886303657,4.18145790532543,4.6505971535409,1.35104914481695,0
399.5,1.21728117648668,1.51661353962911,65.936375607233,16.3662001200356,3.04701170584902,2.06208111872968,0,1020,4.64590273953006,1.87651023263125,53.2904101779289,4.2339133002244,4.55480660738241,1.37946258727996,0
408,1.22231351506028,1.51777691567636,65.885835373532,16.2969373246733,2.99586645848107,2.09728484038144,0,1028.5,4.58976470531526,1.87032407153589,53.466670039637,4.28579507977429,4.46258114274697,1.40797110600255,0
416.5,1.22719412174573,1.518881075439,65.8379392679556,16.2303286098513,2.94644446997774,2.13246350684731,0,1037,4.53555855752264,1.86412785941204,53.6443889806682,4.33711368605368,4.37373052798712,1.43657348503161,0
425,1.23193352923874,1.51992949258138,65.7925255665407,16.1661733365311,2.89866712762056,2.16761188178833,0,1045.5,4.48316719410613,1.85794353728502,53.8229488642741,4.38789697704372,4.2880604439083,1.46527442636813,0
433.5,1.23653582252572,1.52092407986316,65.7495014537459,16.1043644718925,2.85244711078596,2.20273507733797,0,1054,4.43251354899189,1.85182028340771,54.0009205515239,4.43814071362183,4.20542082447048,1.49406814904682,0
442,1.24100496841169,1.52186244858118,65.7089608152363,16.0448007335847,2.80770354844273,2.23783786242835,0,1062.5,4.38350845062546,1.84576581249985,54.1780540753235,4.48785772137489,4.12565501235338,1.52295460681176,0
450.5,1.24534481893939,1.52275123450465,65.6706083922694,15.9873862101211,2.76436141828943,2.2729246854659,0,1071,4.33606011059474,1.83980530028078,54.353577514283,4.53706948677879,4.04860888010714,1.55193684874132,0
459,1.24956441237849,1.52358982881774,65.6344628380702,15.9319606690552,2.72236255420151,2.30798991026473,0,1079.5,4.29009692040388,1.83396106094068,54.5267847446595,4.58578219546665,3.97415184845195,1.58101289200287,0
467.5,1.25367223191912,1.52437993791156,65.6004435068874,15.8783762704192,2.68165183298208,2.34302799114398,0,1088,4.24555093325286,1.82824468363669,54.6972737812551,4.63400266182799,3.90216078423976,1.61018103932478,0
476,1.25766622394074,1.5251223641565,65.5685093538752,15.8266258493495,2.64215593264862,2.37805241906409,0,1096.5,4.20235765253844,1.82267468332865,54.86442584333,4.68173828309603,3.83251951895891,1.63943987136859,0
484.5,1.26155198033873,1.52581473825127,65.538756110463,15.7766049171852,2.60382245683949,2.4130621082384,0,1105,4.16046255610477,1.81725968786321,55.0279085965877,4.72898933701486,3.76512448516269,1.66878554266662,0
493,1.26533243425621,1.52646142062814,65.5109907454131,15.7282461111666,2.56659722972862,2.44806050376823,0,1113.5,4.11980706510163,1.81200975184486,55.1873409611548,4.77576426496412,3.69987163457712,1.69821710798292,0
501.5,1.26901043934926,1.52706338669874,65.4851664122364,15.681485263462,2.53042958992873,2.48305083539453,0,1122,4.0803355188705,1.80692578836267,55.3426159746241,4.82207197128706,3.63666267279011,1.72773387924897,0
510,1.27259775144563,1.52761978180526,65.4613151721728,15.6361480622335,2.49528970871693,2.51801836284989,0,1130.5,4.04200115260824,1.80201751349852,55.4933563358414,4.867914369058,3.57541013056899,1.7573327472168,0
518.5,1.27609660687166,1.52813062060538,65.4394321084832,15.5921839351852,2.46113135365798,2.55296625994419,0,1139,4.00475927132931,1.79728593946006,55.6394493521949,4.91329385292175,3.51603096692652,1.78701079890429,0
527,1.27950064468238,1.52859768015675,65.4194372385451,15.5496509376173,2.42789496144665,2.58791480148539,0,1147.5,3.968567147852,1.79273328973181,55.7807458436607,4.95821327126451,3.45844631621089,1.81676531387178,0
535.5,1.28282074503732,1.52902341580098,65.4012220915628,15.5083925701867,2.39555694684841,2.62284948618973,0,1156,3.93338392620544,1.78835436543401,55.9173293240077,5.00267589914107,3.40258125104277,1.84659376032652,0
544,1.28605897768332,1.52940611518064,65.3848569110688,15.4683646511896,2.36407900309433,2.65777298430194,0,1164.5,3.89917053014947,1.78415718206667,56.0488733869096,5.04668541200284,3.34836456002531,1.87649379108591,0
552.5,1.28921736133096,1.52974484322279,65.3703788857524,15.4295248534781,2.33342508838183,2.6926878169193,0,1173,3.86589490147838,1.78013486457399,56.1755190519969,5.0902388303525,3.2957330788392,1.90646061342826,0
561,1.29229786491307,1.53004284255971,65.3576470007227,15.3918326091782,2.30356125652954,2.72759636383432,0,1181.5,3.8335106205571,1.77627983491087,56.2974358176047,5.13335449172917,3.24461330559213,1.93649742369929,0
569.5,1.29530240881213,1.53029861677028,65.3467231193422,15.3552490202668,2.27445550274298,2.76250087091266,0,1190,3.801993811028,1.7725915167664,56.4145766546498,5.17602333649147,3.19495278237647,1.96659723481298,0
578,1.29824020136968,1.53050450296617,65.3379325615813,15.3196480915667,2.24609031378837,2.79738765115907,0,1198.5,3.771313878207,1.76906584466795,56.5270084781779,5.21824702579829,3.1466949338398,1.99675705439689,0
586.5,1.30109838089649,1.53068630881661,65.330172109079,15.2851720031678,2.21841156163085,2.83229019170841,0,1207,3.74143905019047,1.76569603342355,56.6348896452508,5.26003092778726,3.09978380297471,2.0269753332958,0
595,1.30389306082933,1.53081747590668,65.3245743361869,15.251613454621,2.19141690895685,2.86717934935095,0,1215.5,3.71233889994999,1.76247671530714,56.7383382324989,5.301380677051,3.05416610444261,2.05725068392319,0
603.5,1.30662565192577,1.53091418640649,65.3204476697219,15.2189444232005,2.16507978778089,2.90205716326952,0,1224,3.68398428120752,1.75939936138873,56.8375788888929,5.34230215394913,3.00979107941791,2.08758187574758,0
612,1.30929086223589,1.53096517861339,65.3182720266512,15.1872171656256,2.13936415398021,2.93694053697681,0,1232.5,3.65635609381376,1.75645937713246,56.9327143581635,5.38278843277821,2.96661752033571,2.11796271818302,0
620.5,1.31189035324882,1.53097741846966,65.3177498202151,15.156400995295,2.11424714463951,2.97183104780823,0,1241,3.62942712687305,1.75364643299603,57.0240375245735,5.42284591156414,2.92459881295169,2.14839221002015,0
629,1.31443209189793,1.53095123861073,65.3188667790266,15.1263916323298,2.08971715723041,3.00671566266267,0,1249.5,3.60316291949528,1.75095917370901,57.111554342054,5.46249392924966,2.88368380911987,2.1788745656887,0
637.5,1.31691736125576,1.53088629966419,65.3216375520087,15.0971650739428,2.06575272353845,3.04159604176488,0,1258,3.57755523714995,1.74838423552571,57.1956655568516,5.5017139455132,2.84384359073923,2.20939904277448,0
646,1.31934134833695,1.53078174261735,65.3260992184415,15.0687691124207,2.04232406863306,3.07648791084608,0,1266.5,3.5525717264321,1.74591556984694,57.2765382971909,5.54052545108037,2.80503097231117,2.23997002856714,0
654.5,1.32171148218953,1.53063917607048,65.3321838114221,15.0411083713554,2.01942166873879,3.11137857162031,0,1275,3.52820495038893,1.74355068302538,57.3542260477807,5.57891084646063,2.76721956893249,2.27057707227889,0
663,1.32402895925975,1.5304585483356,65.339894444545,15.0141613691287,1.99702708787292,3.14626944488367,0,1283.5,3.50441692989367,1.74126786937513,57.4294178160458,5.61690192383616,2.73035989863161,2.30122970613821,0
671.5,1.32628929150962,1.5302410576791,65.3491810967804,14.9879728054702,1.97511435816771,3.18117545001719,0,1292,3.48119391844235,1.73907358186036,57.5018797611922,5.65449393860985,2.69442253749408,2.33192278484398,0
680,1.32850492480631,1.52998375139001,65.3601712496286,14.962391714177,1.95368371295046,3.21607088472407,0,1300.5,3.4585224960356,1.73695411089444,57.5720448645045,5.69168247276469,2.65937908191896,2.36265124814239,0
688.5,1.33066592456712,1.52968965555246,65.3727372980658,14.9375263951583,1.9327028679261,3.25098358958912,0,1309,3.43637544713477,1.73490281882889,57.64011615792,5.72848703985973,2.62519132707011,2.39341995472461,0
697,1.3327789138352,1.52935871807823,65.3868832850793,14.9132942411038,1.91216486920402,3.28590144520075,0,1317.5,3.41474064336218,1.73291087501618,57.7063722328284,5.76490365095474,2.59183350539824,2.424224123229,0
705.5,1.33484495924991,1.52899105107486,65.4026064637211,14.8896772532777,1.89205522218272,3.32082554119702,0,1326,3.39360623686068,1.73097065880306,57.7710543453976,5.80092861028979,2.55928072161439,2.45505905394238,0
714,1.33686510375331,1.52858682624629,65.4199017569496,14.866658033012,1.87236008929035,3.3557569097518,0,1334.5,3.37294749639906,1.72907979446483,57.8342308551185,5.83658135936218,2.52749906062125,2.48592982884638,0
722.5,1.33883296912649,1.52814359637774,65.4388764492006,14.8443036681885,1.85305601263182,3.39071526405498,0,1343,3.35274728565967,1.72722115978389,57.8964653330857,5.87186985917079,2.49646112111665,2.51683683516335,0
731,1.34076912573146,1.52766981848157,65.4591710788625,14.8223757936489,1.83415749074071,3.42565201674268,0,1351.5,3.33299542737604,1.72539673021968,57.9576848898211,5.90679092455505,2.46614534027084,2.54777575537764,0
739.5,1.34265517672115,1.52715683465572,65.4811593221491,14.8010783223959,1.81562566155666,3.4606171526528,0,1360,3.31368197017059,1.72359396279609,58.0183048667538,5.94134161893766,2.43653086041955,2.57874234603278,0
748,1.34449241877411,1.52660591943345,65.5047898917566,14.7803914618421,1.79744975771939,3.49561109021022,0,1368.5,3.2947785467148,1.72180952778586,58.0784334075522,5.97555317518417,2.40758388506745,2.60974720181082,0
756.5,1.34630005682913,1.52602354400485,65.5297884445235,14.7600949535884,1.77964316831346,3.5305871531168,0,1377,3.27628398363274,1.72003700495211,58.1382840671992,6.009408947949,2.37929120089523,2.64078028986762,0
765,1.3480609151884,1.52540365737732,65.5564181430725,14.7403778479644,1.76217113096523,3.56559314630126,0,1385.5,3.25817469986675,1.71826071534419,58.1983857903478,6.04293393925611,2.35162374584392,2.67184974564235,0
773.5,1.34978480240048,1.52474982482504,65.5845295876488,14.7211262820489,1.74503529722105,3.60060642738029,0,1394,3.24044988468385,1.71648344989737,58.2586450256653,6.07611208467428,2.32456950120792,2.70294577293328,0
782,1.35146407729701,1.52405916634589,65.6142505541708,14.7024217768772,1.72821493260487,3.63565039778309,0,1402.5,3.22308725117368,1.71470203980144,58.319170140825,6.108968103101,2.29810142686181,2.73407658762897,0
790.5,1.35310809398038,1.5233345843214,65.6454603139909,14.6841565140653,1.71171169383983,3.67070303357263,0,1411,3.20607248073881,1.71289036744805,58.3808525638361,6.14151307717449,2.27219878152998,2.76524455441738,0
799,1.35471759273534,1.52257697376067,65.6781244714388,14.6663191683319,1.69551638640218,3.70576501505377,0,1419.5,3.18940538321075,1.7110657997069,58.4431060553777,6.17373166956986,2.24685127383638,2.79644023631852,0
807.5,1.35628543942291,1.52178286109094,65.7123973181771,14.6489855318549,1.67961045129773,3.7408586629864,0,1428,3.17306557278922,1.709210727621,58.5065366042881,6.20564809026408,2.22203471483839,2.82767198244991,0
816,1.35782036745445,1.52095577267655,65.7481314029415,14.6320559349728,1.66399554835104,3.77596281036089,0,1436.5,3.15704662262938,1.70731653823574,58.5714469229798,6.23726039243754,2.19773520545031,2.85893645949589,0
824.5,1.35932306799313,1.52009656654192,65.7852943036975,14.6155200919533,1.64866351484916,3.81107803417028,0,1445,3.14133584953803,1.7053835133793,58.637836718525,6.26857957178196,2.17393484397096,2.89023625735838,0
833,1.36078688028545,1.51920077571695,65.8240843464598,14.5994484863045,1.63359769542071,3.8462256189468,0,1453.5,3.12592732471808,1.70341228534491,58.70569377733,6.29960386899048,2.15062079443968,2.92156819250722,0
841.5,1.36221995823765,1.51827320494521,65.864298779882,14.5837489156165,1.61879971270072,3.88138523739732,0,1462,3.11080295476404,1.70137456503831,58.7760050343461,6.330356756251,2.12777219888101,2.95294078495992,0
850,1.36361594969988,1.51731059778123,65.9060841901655,14.5684884341158,1.60425405847044,3.91657747350205,0,1470.5,3.09595810207221,1.69928289444802,58.848353224013,6.36083528806339,2.10537783207903,2.9843504626317,0
858.5,1.36498263079449,1.51631644694471,65.9492945562216,14.5535796214087,1.5899622956255,3.95178258281135,0,1479,3.08137813722061,1.69712452546122,58.923195381213,6.39105760656859,2.08341997107546,3.01580353189002,0
867,1.36631394367718,1.51528726614775,65.9940872163636,14.5390862757937,1.57590996963919,3.98702046958821,0,1487.5,3.06705833361682,1.69488609932411,59.0010148999854,6.42102210075528,2.06188795537265,3.04729715831916,0
875.5,1.36761080363859,1.51422374372688,66.0404384849196,14.5249960451075,1.56209115207149,4.02229108003554,0,1496,3.05299404900859,1.69259688048917,59.0808131296445,6.45072726955333,2.04077142313409,3.07882854294886,0
884,1.3688867669307,1.51313272086629,66.0880560052582,14.5111597837949,1.5485144422293,4.05755680142969,0,1504.5,3.0391717579974,1.69021028103215,59.16423602567,6.48019092015554,2.02005434230469,3.11040409933283,0
892.5,1.37012347939888,1.51200436968157,66.1373750004839,14.4977745665033,1.53515235786989,4.0928740883399,0,1513,3.02558465326777,1.68774134334491,59.2507853139458,6.50941732260388,1.99972548134023,3.14202392568831,0
901,1.37133422573614,1.51084573071455,66.18809450036,14.4846945550401,1.52201356907452,4.12820584181794,0,1521.5,3.0122218037017,1.68518092098332,59.3408094969701,6.53842019380602,1.97977114932744,3.17369273176553,0
909.5,1.37251363928244,1.50965367008486,66.2403582898445,14.4719759683796,1.50908591454914,4.16357030875659,0,1530,2.99907867245186,1.68251491944576,59.4348370075321,6.56719996316863,1.96018213885743,3.2054089171744,0
918,1.37366253089615,1.50842833008436,66.2941672504966,14.4596082232918,1.49636441274091,4.19896734624329,0,1538.5,2.98614618548423,1.67971600691934,59.5338733381504,6.59576740935735,1.94094649690232,3.23717594339015,0
926.5,1.37478730027383,1.50717363978467,66.3493557479463,14.4475208424077,1.48385029711153,4.2343795188844,0,1547,2.97341346904864,1.67687392165817,59.6347755835545,6.62413797151264,1.92205136977934,3.26899967710068,0
935,1.37587746981226,1.50588295929791,66.406223260952,14.4358247757174,1.47152670568156,4.2698411676256,0,1555.5,2.96087308616227,1.6739052022485,59.7405395871126,6.65232010276922,1.90348639418982,3.30088269942895,0
943.5,1.37694475004885,1.50456370970853,66.4644503617414,14.4243928157885,1.45940090095267,4.30531823235001,0,1564,2.94852689110489,1.67094467279579,59.8463860761363,6.68030161663585,1.88524737282922,3.33281743167228,0
952,1.37798441024026,1.50321202471257,66.5242150515133,14.4132742924128,1.44746261579859,4.34082734752569,0,1572.5,2.93636365832562,1.66756994002028,59.9674997732232,6.70810014488767,1.86732188128815,3.36481105380996,0
960.5,1.37899716516304,1.50182897464233,66.5854778995829,14.4024601561094,1.43570761599483,4.37636830590038,0,1581,2.92437293298128,1.66420944263901,60.0885906772801,6.73573233360929,1.84969824983003,3.39687043968223,0
969,1.37998123854992,1.50041281844552,66.6483242282637,14.3919679853831,1.42412924514956,4.41194879508268,0,1589.5,2.91254867032242,1.66071166174667,60.2151489047918,6.76320527843612,1.83236783285462,3.42899782157335,0
977.5,1.38093744267096,1.4989638962434,66.7127475522345,14.3817877519512,1.41272372651761,4.44756833147254,0,1598,2.90089016904572,1.65707387102714,60.3473398189634,6.79051391144258,1.81532551254425,3.46118933698753,0
986,1.38187590472335,1.49749002879759,66.7784079205489,14.3718105585656,1.40149686077419,4.48319613338893,0,1606.5,2.88938024079465,1.65329242248495,60.4853676457896,6.81769225191212,1.7985560166789,3.49346100366766,0
994.5,1.38277862456867,1.49597656033692,66.8459671436818,14.3622265539183,1.39042596738931,4.51889237869816,0,1615,2.878024329771,1.64935870375272,60.6296251824872,6.84472148270325,1.78205840852694,3.52580211575294,0
1003,1.38366459472936,1.49443892928124,66.9147450863689,14.3528329353782,1.37952601667932,4.55459718135939,0,1623.5,2.86681313563846,1.64527036876531,60.7802838356863,6.8716178373715,1.76582268902893,3.55821982932776,0
1011.5,1.38451682188588,1.49286284353725,66.985390140099,14.3438087968461,1.36877589904684,4.59036816147547,0,1632,2.85573051988863,1.64100534744693,60.9382535867902,6.89841480101862,1.74983487738274,3.5907304102759,0
1020,1.38535323623383,1.49126213654236,67.0572916387858,14.3349632467701,1.35818944728807,4.62614793519812,0,1640.5,2.84478825507731,1.63658107108976,61.1029919424721,6.92507875091307,1.73409829629827,3.62331554133473,0
1028.5,1.3861577949572,1.48962568884785,67.130958299561,14.3264649892577,1.34774700530598,4.66199166642043,0,1649,2.83396712455691,1.63198040387441,61.275245562137,6.95165152037615,1.71859740725101,3.65599603529595,0
1037,1.38693956832611,1.48795865548701,67.2061684182146,14.318217157616,1.33745377852083,4.69787099044912,0,1657.5,2.82326578733298,1.62720131192588,61.4552110221967,6.97813194414957,1.70332777516318,3.68877053424297,0
1045.5,1.38769920162889,1.48626244586065,67.2828680281246,14.3102120988838,1.32730674474308,4.73378541325485,0,1666,2.81267438962818,1.62220391404831,61.6445313280275,7.00454021952175,1.68827994575521,3.72164896170046,0
1054,1.38843732187916,1.48453658698969,67.3610882186324,14.3024424095267,1.31730296193469,4.76973444131001,0,1674.5,2.80220024200579,1.61708034117837,61.839846452607,7.03085396099266,1.67345490713992,3.75461883100162,0
1062.5,1.38914733012771,1.482778508732,67.4409558886277,14.2949766802335,1.30743278129667,4.80574251851641,0,1683,2.79182535329797,1.61173353137365,62.0449956853427,7.05711447035393,1.65883859375994,3.787701426055,0
1071,1.38984416439509,1.48099209895102,67.5223048595799,14.2876571326779,1.29770696955657,4.84175969966976,0,1691.5,2.78154878287143,1.60617661001579,62.2596539984584,7.08332072781176,1.64442730290951,3.82089575870133,0
1079.5,1.39050765405397,1.4791713929488,67.6054177877557,14.2806948759088,1.28810343126815,4.87785775168204,0,1700,2.77136959900682,1.60040763618569,62.4840807672809,7.10947172264435,1.63021741118048,3.85420083486274,0
1088,1.39115235347837,1.47732192058379,67.6900536076003,14.2739363600521,1.27863267782938,4.91398774341195,0,NaN,NaN,NaN,NaN,NaN,NaN,NaN,NaN
1096.5,1.3917787948136,1.475445933962,67.7761195433784,14.2673754393774,1.26929210653315,4.95014920114883,0,NaN,NaN,NaN,NaN,NaN,NaN,NaN,NaN
1105,1.39237525995212,1.47353220753716,67.8641426963709,14.2611341329635,1.26006810855396,4.98638546958395,0,NaN,NaN,NaN,NaN,NaN,NaN,NaN,NaN
1113.5,1.39295483301153,1.47159292411273,67.9535749061127,14.2550748677743,1.25096976471624,5.0226516134903,0,NaN,NaN,NaN,NaN,NaN,NaN,NaN,NaN
1122,1.39351233248762,1.46962280641257,68.0446707574614,14.2492512847184,1.24198960114761,5.05896772515153,0,NaN,NaN,NaN,NaN,NaN,NaN,NaN,NaN
1130.5,1.39404859907351,1.46762294832431,68.1373919058552,14.2436540350979,1.23312569577488,5.0953323969389,0,NaN,NaN,NaN,NaN,NaN,NaN,NaN,NaN
1139,1.39456444144372,1.4655940474328,68.2317181726855,14.2382741547384,1.22437615578904,5.13174425806293,0,NaN,NaN,NaN,NaN,NaN,NaN,NaN,NaN
1147.5,1.39506063747366,1.46353663968516,68.3276368273995,14.2331030471457,1.21573911762411,5.16820197367564,0,NaN,NaN,NaN,NaN,NaN,NaN,NaN,NaN
1156,1.39553066691609,1.46144433658133,68.4254593191857,14.2282081352689,1.20720645926997,5.20473135223215,0,NaN,NaN,NaN,NaN,NaN,NaN,NaN,NaN
1164.5,1.39598508991218,1.45932743889431,68.5247171640706,14.2234789843661,1.19878496342824,5.24129472662985,0,NaN,NaN,NaN,NaN,NaN,NaN,NaN,NaN
1173,1.39641554919559,1.45717769669297,68.6258101719149,14.2190021521869,1.1904650888283,5.27792487670826,0,NaN,NaN,NaN,NaN,NaN,NaN,NaN,NaN
1181.5,1.39683171588561,1.45500493245838,68.7282893474729,14.2146766723531,1.1822528276645,5.31458682961392,0,NaN,NaN,NaN,NaN,NaN,NaN,NaN,NaN
1190,1.39721780802967,1.45279137595703,68.8330077222029,14.2106661540641,1.17413261178964,5.35134212616974,0,NaN,NaN,NaN,NaN,NaN,NaN,NaN,NaN
1198.5,1.39759108070801,1.45055736729103,68.9390176872173,14.206790971764,1.16611688002337,5.38812653758488,0,NaN,NaN,NaN,NaN,NaN,NaN,NaN,NaN
1207,1.39794466908495,1.44829419044974,69.0467452396164,14.2031221145756,1.15819773743575,5.42496769255531,0,NaN,NaN,NaN,NaN,NaN,NaN,NaN,NaN
1215.5,1.39827961119982,1.44600515193564,69.1560468274535,14.1996484983987,1.15037401168229,5.46186304921054,0,NaN,NaN,NaN,NaN,NaN,NaN,NaN,NaN
1224,1.39859034851343,1.44367869772408,69.2674901677549,14.196427440639,1.14263917362208,5.49883589870489,0,NaN,NaN,NaN,NaN,NaN,NaN,NaN,NaN
1232.5,1.39888469928901,1.44132835468926,69.3804431687317,14.1933776053649,1.13499772761786,5.53585716895379,0,NaN,NaN,NaN,NaN,NaN,NaN,NaN,NaN
1241,1.39915777862183,1.43894787970756,69.4952203691514,14.1905493525175,1.12744381838987,5.57294758700506,0,NaN,NaN,NaN,NaN,NaN,NaN,NaN,NaN
1249.5,1.39941112370598,1.43653857527294,69.6117749438093,14.1879265037146,1.11997688972067,5.61010264126667,0,NaN,NaN,NaN,NaN,NaN,NaN,NaN,NaN
1258,1.39965358286855,1.43411032683643,69.7296422239665,14.1854172730359,1.11260221213716,5.64728816699942,0,NaN,NaN,NaN,NaN,NaN,NaN,NaN,NaN
1266.5,1.39986668174191,1.43164091888295,69.8499174485918,14.1832126351292,1.10530334128852,5.68458003560806,0,NaN,NaN,NaN,NaN,NaN,NaN,NaN,NaN
1275,1.40007062402304,1.42915677474558,69.9713297848669,14.1811033763067,1.0980946070769,5.72189797371401,0,NaN,NaN,NaN,NaN,NaN,NaN,NaN,NaN
1283.5,1.40024987016858,1.42662883984322,70.0953164601592,14.1792500590559,1.09096211154544,5.75930661632135,0,NaN,NaN,NaN,NaN,NaN,NaN,NaN,NaN
1292,1.40040741072617,1.42408576528835,70.2204898310685,14.1776215711781,1.08390666464874,5.79679552871442,0,NaN,NaN,NaN,NaN,NaN,NaN,NaN,NaN
1300.5,1.40055202803491,1.42151455438022,70.3475034369941,14.1761270029994,1.07693350867736,5.83432984167826,0,NaN,NaN,NaN,NaN,NaN,NaN,NaN,NaN
1309,1.40067913309141,1.41891812125617,70.4762300952713,14.1748136806417,1.07003753482919,5.87192981803445,0,NaN,NaN,NaN,NaN,NaN,NaN,NaN,NaN
1317.5,1.40078339895807,1.41629390415223,70.606813816556,14.1737365295166,1.06321320604028,5.90961932327761,0,NaN,NaN,NaN,NaN,NaN,NaN,NaN,NaN
1326,1.40087707532265,1.41364274428235,70.7392305477901,14.1727689176556,1.05646838259627,5.94734817500045,0,NaN,NaN,NaN,NaN,NaN,NaN,NaN,NaN
1334.5,1.40095391921547,1.41097566711717,70.8729443962096,14.1719752732436,1.04979686715284,5.9851438919038,0,NaN,NaN,NaN,NaN,NaN,NaN,NaN,NaN
1343,1.40100494836304,1.40826665600401,71.0092790833748,14.1714482933882,1.0431905795704,6.02304644062938,0,NaN,NaN,NaN,NaN,NaN,NaN,NaN,NaN
1351.5,1.40104082823243,1.40553832136901,71.1471174280033,14.1710777843948,1.03665618071212,6.06101176463677,0,NaN,NaN,NaN,NaN,NaN,NaN,NaN,NaN
1360,1.401060450036,1.40278709394437,71.2866552819638,14.1708751705717,1.03019150737942,6.09904591735827,0,NaN,NaN,NaN,NaN,NaN,NaN,NaN,NaN
1368.5,1.40106351594281,1.40001274451784,71.4279212039884,14.1708435126908,1.02379504270575,6.13715152456103,0,NaN,NaN,NaN,NaN,NaN,NaN,NaN,NaN
1377,1.40104914450465,1.39721447235483,71.57097351809,14.170991910243,1.01746488344564,6.17533382174488,0,NaN,NaN,NaN,NaN,NaN,NaN,NaN,NaN
1385.5,1.40101770698367,1.39439112859812,71.7158894294866,14.171316540841,1.01120007721665,6.21359259037459,0,NaN,NaN,NaN,NaN,NaN,NaN,NaN,NaN
1394,1.40096367374448,1.39154594567355,71.8625211843773,14.1718745348067,1.00499546179661,6.25195391026667,0,NaN,NaN,NaN,NaN,NaN,NaN,NaN,NaN
1402.5,1.4009003535423,1.38867434155942,72.0111238519062,14.172528490509,0.998859432115725,6.29035988965025,0,NaN,NaN,NaN,NaN,NaN,NaN,NaN,NaN
1411,1.40081625639879,1.38578193893258,72.1614253949843,14.1733971197425,0.992782605527138,6.32886320952753,0,NaN,NaN,NaN,NaN,NaN,NaN,NaN,NaN
1419.5,1.40071442001407,1.38286584984906,72.3135942730202,14.1744491195331,0.986766058481205,6.36745179181623,0,NaN,NaN,NaN,NaN,NaN,NaN,NaN,NaN
1428,1.4005990584845,1.37993340091562,72.4672654011035,14.1756410287465,0.980811665605394,6.40610784671017,0,NaN,NaN,NaN,NaN,NaN,NaN,NaN,NaN
1436.5,1.40046837550179,1.37698191960981,72.6225948038129,14.1769914831849,0.974917073095572,6.44484077730747,0,NaN,NaN,NaN,NaN,NaN,NaN,NaN,NaN
1445,1.40031778378343,1.37400569128857,72.7799023206503,14.1785479934748,0.969078051061195,6.48367311621509,0,NaN,NaN,NaN,NaN,NaN,NaN,NaN,NaN
1453.5,1.40015013284697,1.37100854143406,72.9390058324514,14.1802812336258,0.963295585034035,6.52259327749083,0,NaN,NaN,NaN,NaN,NaN,NaN,NaN,NaN
1462,1.39997003906757,1.36799827836631,73.0995072007123,14.1821435899399,0.95757184614745,6.56158107870277,0,NaN,NaN,NaN,NaN,NaN,NaN,NaN,NaN
1470.5,1.39976954403973,1.36496248869923,73.2620865612924,14.1842174980327,0.951900403971252,6.60067511366383,0,NaN,NaN,NaN,NaN,NaN,NaN,NaN,NaN
1479,1.39955416852153,1.36191298216677,73.426130236972,14.1864460121282,0.946284089602119,6.63985094563035,0,NaN,NaN,NaN,NaN,NaN,NaN,NaN,NaN
1487.5,1.39933122120778,1.35885570635784,73.5913309500915,14.1887536181084,0.940726871400188,6.6790749772329,0,NaN,NaN,NaN,NaN,NaN,NaN,NaN,NaN
1496,1.39908301814364,1.35577045736031,73.7587985171919,14.1913235253673,0.935215921219009,6.71843278607763,0,NaN,NaN,NaN,NaN,NaN,NaN,NaN,NaN
1504.5,1.39881639375833,1.35266448685772,73.928162505621,14.1940852164644,0.929754997513015,6.75789355689011,0,NaN,NaN,NaN,NaN,NaN,NaN,NaN,NaN
1513,1.39854299961324,1.34955687745245,74.0983960518728,14.196918157053,0.924350958105248,6.79740227679212,0,NaN,NaN,NaN,NaN,NaN,NaN,NaN,NaN
1521.5,1.39824664463174,1.34642059171879,74.2709972018059,14.1999903117336,0.918992208104992,6.83703871672191,0,NaN,NaN,NaN,NaN,NaN,NaN,NaN,NaN
1530,1.39794276501205,1.34329008211928,74.4440842161448,14.2031418662368,0.913688081707221,6.8767289767417,0,NaN,NaN,NaN,NaN,NaN,NaN,NaN,NaN
1538.5,1.39761929940124,1.34013651261132,74.6192638279405,14.206498102324,0.908429833864958,6.91653342168153,0,NaN,NaN,NaN,NaN,NaN,NaN,NaN,NaN
1547,1.39728130310869,1.33697480433958,74.7957251516018,14.2100068202313,0.903219976153001,6.95642863651107,0,NaN,NaN,NaN,NaN,NaN,NaN,NaN,NaN
1555.5,1.39692152189885,1.33378930932427,74.9743601188874,14.2137436114088,0.898053051686824,6.99645226457146,0,NaN,NaN,NaN,NaN,NaN,NaN,NaN,NaN
1564,1.39655260561924,1.33060148795225,75.1539817935245,14.2175773455037,0.892936448605649,7.03654254117524,0,NaN,NaN,NaN,NaN,NaN,NaN,NaN,NaN
1572.5,1.3961743223247,1.32741460218791,75.3344131028657,14.2215105918673,0.887869203386139,7.07670148172376,0,NaN,NaN,NaN,NaN,NaN,NaN,NaN,NaN
1581,1.3957716574897,1.32420311522195,75.5171158038234,14.2256997660368,0.882841023080142,7.11700650844044,0,NaN,NaN,NaN,NaN,NaN,NaN,NaN,NaN
1589.5,1.39535876874288,1.32099303646276,75.7006261499842,14.2299978973011,0.877860187947705,7.15738723938336,0,NaN,NaN,NaN,NaN,NaN,NaN,NaN,NaN
1598,1.39493539649271,1.31778303856928,75.8850258905821,14.2344078879366,0.872925780032988,7.19784596915232,0,NaN,NaN,NaN,NaN,NaN,NaN,NaN,NaN
1606.5,1.39449300556725,1.31455874286362,76.0711535660711,14.2390189366146,0.868031749497199,7.23842798471262,0,NaN,NaN,NaN,NaN,NaN,NaN,NaN,NaN
1615,1.3940393820597,1.31133442567401,76.2581977885625,14.2437501995711,0.863182279913124,7.27909440843939,0,NaN,NaN,NaN,NaN,NaN,NaN,NaN,NaN
1623.5,1.39356538093364,1.30810003795065,76.446752617381,14.2486973966331,0.858371038456198,7.31989434135622,0,NaN,NaN,NaN,NaN,NaN,NaN,NaN,NaN
1632,1.39307934462274,1.30486448640799,76.6363105453796,14.2537738147975,0.853602539597265,7.36078562997719,0,NaN,NaN,NaN,NaN,NaN,NaN,NaN,NaN
1640.5,1.39258096754613,1.30163306475946,76.8265671082042,14.2589829247957,0.848875932670607,7.40177105435463,0,NaN,NaN,NaN,NaN,NaN,NaN,NaN,NaN
1649,1.39206993636406,1.2983657873594,77.0198976078836,14.2643282955707,0.844190379844792,7.44285348091123,0,NaN,NaN,NaN,NaN,NaN,NaN,NaN,NaN
1657.5,1.39154592978089,1.29516804163792,77.2100582975596,14.2698135973163,0.839545055674744,7.48403586526965,0,NaN,NaN,NaN,NaN,NaN,NaN,NaN,NaN
1666,1.39101117696896,1.29194196736647,77.4028575012875,14.2754157891878,0.834940682454356,7.52530741310844,0,NaN,NaN,NaN,NaN,NaN,NaN,NaN,NaN
1674.5,1.3904602353512,1.28871674439665,77.5965707241726,14.2811922313156,0.83037338629513,7.56669880186457,0,NaN,NaN,NaN,NaN,NaN,NaN,NaN,NaN
1683,1.38989799512604,1.28549600906048,77.7909844100456,14.2870920099379,0.825845511067165,7.6081848517411,0,NaN,NaN,NaN,NaN,NaN,NaN,NaN,NaN
1691.5,1.38932422458376,1.28228471334394,77.9858006255257,14.2931178628235,0.821356325500304,7.64976796562975,0,NaN,NaN,NaN,NaN,NaN,NaN,NaN,NaN
1700,1.38873308403484,1.27907260918014,78.1816444838875,14.2993315157619,0.81690181413814,7.69148164251363,0,NaN,NaN,NaN,NaN,NaN,NaN,NaN,NaN
