S0 f (kHz),S0 Phase velocity (m/ms),S0 Energy velocity (m/ms),S0 Propagation time (micsec),S0 Coincidence angle (deg),S0 Wavelength (mm),S0 Wavenumber (rad/mm),S0 Attenuation (Np/m),S1 f (kHz),S1 Phase velocity (m/ms),S1 Energy velocity (m/ms),S1 Propagation time (micsec),S1 Coincidence angle (deg),S1 Wavelength (mm),S1 Wavenumber (rad/mm),S1 Attenuation (Np/m),S2 f (kHz),S2 Phase velocity (m/ms),S2 Energy velocity (m/ms),S2 Propagation time (micsec),S2 Coincidence angle (deg),S2 Wavelength (mm),S2 Wavenumber (rad/mm),S2 Attenuation (Np/m)
0.001,6.73530163288116,6.735440765411,14.8468383113897,2.91909077114673,6735301.63288116,9.32873633528989e-07,0,1091.75776692708,20.0242983658392,-0.277408406841655,-360.479342131402,0.981478260844064,18.3413381360232,0.342569623905418,0,1330.33854166667,20.0958227906754,2.64261715818737,37.8412740151101,0.977984674170808,15.1057961272768,0.415945326829476,0
8.5,6.73534380674362,6.73514874525574,14.8474820352617,2.91907247720909,792.393389028661,0.0079293762342991,0,1091.67922526041,19.9242983658392,-0.277111732347051,-360.865269590106,0.986404783119562,18.2510557174764,0.344264211585475,0,1331.35384114583,19.9958227906754,2.65749270857908,37.6294541381709,0.982876097688692,15.0191648325932,0.418344520298784,0
17,6.73505116939545,6.73427080797133,14.8494176803271,2.91919942049649,396.179480552673,0.015859441529921,0,1091.60943359375,19.8242983658392,-0.276809584824636,-361.259166886696,0.991381014657036,18.1606147361466,0.34597866858954,0,1332.38346354167,19.8958227906754,2.67258789427795,37.4169172187383,0.987816698835985,14.9325050445984,0.420772354565682,0
25.5,6.73456329584122,6.73280705382801,14.8526460361201,2.91941107994546,264.100521405538,0.0237908856587658,0,1091.53089192708,19.7242983658392,-0.276483776838813,-361.684874039821,0.996407711669116,18.0703070446465,0.347707722489476,0,1333.4345703125,19.7958227906754,2.68791733657371,37.203525063561,0.992807223033615,14.8457398896116,0.423231536716892,0
34,6.73387994766235,6.73075669454102,14.8571705289994,2.91970759589133,198.055292578305,0.0317243999157226,0,1091.45235026041,19.6242983658392,-0.27614878985183,-362.123622028747,1.00148564578612,17.9799863559385,0.349454397950883,0,1334.5,19.6958227906754,2.70338993907468,36.9905941257695,0.997848430844962,14.7589530091236,0.425720259648194,0
42.5,6.7329992860335,6.72811861008068,14.8629960016119,2.92008981825008,158.423512612553,0.0396606867475916,0,1091.37380859375,19.5242983658392,-0.275796272866538,-362.586480812927,1.00661560445101,17.8896526672164,0.351218965737317,0,1343,18.9606318782164,2.8242876541112,35.407158280933,1.03654374716745,14.1181175563786,0.44504412731291,0
51,6.73192484014536,6.72489141750301,14.8701285703629,2.92055628193337,131.99852627736,0.0476004201287606,0,1091.29526692708,19.4242983658392,-0.275433785462992,-363.063666397731,1.01179839132655,17.7993059756734,0.353001702188104,0,1351.5,18.3180573409654,2.94111445978364,34.0007168600152,1.07290858375242,13.5538715064487,0.463571261110906,0
59.5,6.73065351306548,6.72107337213351,14.8785758558467,2.92110841291596,113.120227110344,0.0555443130524358,0,1091.21672526041,19.3242983658392,-0.275050275774496,-363.569895425178,1.0170348267151,17.7089462785017,0.354802889362606,0,1360,17.7510472004289,3.05429444676218,32.740785717634,1.10718400432281,13.0522405885507,0.481387487807353,0
68,6.72918666047437,6.71666244635217,14.888346823847,2.9217457192075,98.9586273599172,0.063493052347294,0,1091.13818359375,19.2242983658392,-0.274657823643584,-364.089391932877,1.02232574799154,17.618573572893,0.356622815188998,0,1368.5,17.2465852968053,3.16416078384725,31.6039565721472,1.13957330077116,12.6025468007346,0.498564727156049,0
76.5,6.7275158057889,6.71165610855675,14.8994522935269,2.92247199770344,87.9413830822078,0.0714474242610677,0,1091.05964192708,19.1242983658392,-0.274250624940948,-364.629980411283,1.02767201004978,17.5281878560379,0.358461773617702,0,1377,16.7945621218516,3.27097385744002,30.5719349521991,1.17024895876821,12.196486653487,0.515163545510314,0
85,6.72565357379003,6.70605197009157,14.911903523264,2.92328188888137,79.1253361622356,0.0794080077498411,0,1090.98110026041,19.0242983658392,-0.273830349604907,-365.18961519161,1.0330744857633,17.4377891251262,0.360320064779664,0,1385.5,16.3869883522568,3.37494274847239,29.630132257877,1.19935934811378,11.8274906909107,0.531235700908913,0
93.5,6.72358718278747,6.69984677916623,14.9257144672262,2.9241810953087,71.9100233453205,0.0873756538362806,0,1090.89380859375,18.9242983658392,-0.273378516193133,-365.793191771343,1.0385340664604,17.3475165197191,0.362195090002505,0,1394,16.0174428771039,3.47623743093435,28.7667347201661,1.22703447890934,11.4902746607632,0.546826380803176,0
102,6.72131706611436,6.69303716172722,14.9409001599199,2.92516959276268,65.8952653540623,0.0953510889351361,0,1090.81526692708,18.8242983658392,-0.272925137628277,-366.400841157401,1.04405166241451,17.2570910369351,0.364092957134652,0,1402.5,15.68072334339,3.57499468881585,27.9720695286188,1.25338732593997,11.1805514034866,0.561974546731226,0
110.5,6.71885098838102,6.68561986544617,14.9574761970596,2.92624417725624,60.8040813428146,0.103334927005226,0,1090.72797526041,18.7242983658392,-0.272446552433642,-367.04446838011,1.04962820335026,17.1667902451744,0.366008159792469,0,1411,15.3725387349855,3.67133325042955,27.2380612651548,1.27851903540341,10.8947829447098,0.576715051512848,0
119,6.71617808463368,6.67759045074028,14.9754616935086,2.92740977779899,56.4384712994427,0.111328056244529,0,1090.64943359375,18.6242983658392,-0.271961115916997,-367.699623759891,1.05526463896586,17.0763379984265,0.367946881102877,0,1419.5,15.0893427368322,3.76534699249551,26.5579773123975,1.30251831035274,10.6300406740629,0.591078199964978,0
127.5,6.7133072417923,6.66894370200512,14.9948784197914,2.92866273083896,52.6533901317043,0.119331068549683,0,1090.56214192708,18.5242983658392,-0.271444371614037,-368.399607644799,1.06096193947243,16.9860090073417,0.369903566191673,0,1428,14.8281633089102,3.85711621137117,25.9261050276862,1.32546458859308,10.3838678633825,0.605091030610714,0
136,6.71022380168412,6.65967883100527,15.0157391276037,2.93000966570529,49.3398808947362,0.127344963004358,0,1090.47485026041,18.4242983658392,-0.270907586884112,-369.129566100996,1.06672109615079,16.8956655547255,0.371881491547534,0,1436.5,14.5864758145572,3.94671669835424,25.3375166354604,1.34743060748225,10.1541773856994,0.618778367613362,0
144.5,6.70694228291908,6.64978765894849,15.0380741654859,2.93144448914923,46.4148254873293,0.135370223656121,0,1090.38755859375,18.3242983658392,-0.270371792895491,-369.861067713724,1.07254312192667,16.8053076371045,0.373881004909836,0,1445,14.3621484715281,4.03420651735372,24.7880220236212,1.36848056230953,9.93920309448311,0.632161879322815,0
153,6.70344190944491,6.63926435237795,15.0619096774153,2.93297655589764,43.8133458133654,0.143408023070059,0,1090.30901692708,18.2242983658392,-0.269811501850604,-370.629121865125,1.07842905196469,16.7148011095079,0.375905478384993,0,1453.5,14.1533407770395,4.11964468183401,24.2739380997978,1.38867401586829,9.73742055523872,0.645261778674974,0
161.5,6.69974243941064,6.62810591250402,15.087266455919,2.93459750691231,41.4844733090442,0.151458721926446,0,1090.21297526041,18.1242983658392,-0.269224458280302,-371.43727816841,1.08437994428212,16.6245483929505,0.377946224984008,0,1462,13.9584850534631,4.2030746312316,23.792106677558,1.40806331142778,9.54752739634958,0.65809555148089,0
170,6.69582347140149,6.61630427800189,15.1141779153784,2.93631658893535,39.387196890597,0.159523545801747,0,1090.12568359375,18.0242983658392,-0.268619077536328,-372.27437796735,1.09039688038305,16.5341470594654,0.380012666186044,0,1470.5,13.7762002237796,4.28454668136634,23.3396920227066,1.42669844240584,9.36837825486544,0.670680147219337,0
178.5,6.6916912133671,6.60385431811144,15.1426720189366,2.93813141586573,37.4884661813283,0.167603157642897,0,1090.03839192708,17.9242983658392,-0.268003511477186,-373.129439419724,1.09648096591377,16.4437312470718,0.382102164817273,0,1479,13.6052988680949,4.36409875706675,22.9142385556859,1.44462352149014,9.19898503589916,0.683030278086047,0
187,6.6873467306914,6.59074988900009,15.172780288158,2.9400418705063,35.7612124635904,0.175698329959497,0,1089.95110026041,17.8242983658392,-0.267366127225152,-374.018956843359,1.10263333134028,16.353300952291,0.384215108956296,0,1487.5,13.4447287830842,4.44177338661816,22.5135303618308,1.46188034956917,9.03847313148517,0.695160035968062,0
195.5,6.68277912393444,6.57698277856096,15.2045403442397,2.94205312448493,34.1830134216595,0.183810164120825,0,1089.85505859375,17.7242983658392,-0.266676609963576,-374.986017760082,1.10885513264867,16.2629867394561,0.386348793603562,0,1496,13.2935775291392,4.51760222569381,22.1356363407232,1.47850595923058,8.88608123605564,0.707081686546518,0
204,6.67799374459335,6.56254677726833,15.2379866222645,2.94416322535285,32.735263453889,0.191939353597386,0,1089.76776692708,17.6242983658392,-0.266022952217101,-375.907413877545,1.11514755206942,16.1725267536001,0.388509810675126,0,1504.5,13.1510216004803,4.59162556220479,21.7787793549922,1.49453645145055,8.74112436057179,0.718807449476509,0
212.5,6.67299195126162,6.54743600899616,15.2731542335962,2.94637199251526,31.4023150647606,0.20008669087683,0,1089.67172526041,17.5242983658392,-0.265312146531265,-376.914518643102,1.12151179882648,16.0821814126188,0.390692353603817,0,1513,13.0163450192121,4.66387299934374,21.4414071768402,1.51000357635222,8.60300397832922,0.730347832339354,0
221,6.66775782059987,6.53163983423332,15.3100909630511,2.94868691166,30.1708498669677,0.208253507437942,0,1089.58443359374,17.4242983658392,-0.264601298124887,-377.927095251066,1.12794910991215,15.9916917208235,0.392903103490794,0,1521.5,12.8888976374599,4.7343824389738,21.122079022766,1.52493823086869,8.47117820404854,0.741713272443818,0
229.5,6.66229982415069,6.51515197760398,15.3488361198254,2.95110471997637,29.0296288634017,0.216440428389387,0,1089.48839192708,17.3242983658392,-0.263854265596779,-378.997094376407,1.13446075088883,15.9013152358569,0.395136201879153,0,1530,12.7681200227627,4.80317505220609,20.8195618342226,1.53936655095474,8.34517648546581,0.752912214393854,0
238,6.65660838708799,6.4979629382105,15.389438344125,2.95363016739903,27.9689428028907,0.224648652309096,0,1089.39235026041,17.2242983658392,-0.263085804824555,-380.104126357891,1.14104801671868,15.8109228155695,0.397395229897166,0,1538.5,12.6534826641518,4.87029088147952,20.5326545033018,1.55331622568367,8.22455811774571,0.76395415014731,0
246.5,6.65068748965227,6.48006524563929,15.4319433847204,2.95626202612014,26.9804766314494,0.232878958848922,0,1089.29630859374,17.1242983658392,-0.2622947304134,-381.250510989645,1.1477122326224,15.7205144557465,0.399680641805131,0,1547,12.544529944335,4.93575526243181,20.2603238375986,1.56681055705269,8.10893984766324,0.774846703171712,0
255,6.64453514453816,6.46145073068033,15.4764006053902,2.95900173981023,26.0570005668163,0.241132331830289,0,1089.20026692708,17.0242983658392,-0.26148356132799,-382.433218716055,1.15445475496827,15.6300901521713,0.40199290253657,0,1555.5,12.4408443144677,4.99959677343999,20.0016130363238,1.57987211063748,7.99797127256038,0.785597383768567,0
263.5,6.63813475672597,6.44210660086488,15.5228725936598,2.96185730680141,25.1921622646147,0.249410322193941,0,1089.10422526041,16.9242983658392,-0.260650050399122,-383.656169821853,1.16127697219271,15.5396499006259,0.404332488013549,0,1564,12.3420485024488,5.06184441538835,19.7556447400859,1.59252193898613,7.89133535962199,0.796213190904177,0
272,6.63149988204952,6.42202733710132,15.5714067771528,2.96482331785918,24.3805142722409,0.257713403294921,0,1089.00818359374,16.8242983658392,-0.25979819914666,-384.914138467714,1.16818030575372,15.449193696891,0.406699885473247,0,1572.5,12.2477950425561,5.12252970075731,19.5216047229977,1.60478045696053,7.78874088556828,0.806701031590571,0
280.5,6.62461379005705,6.40119970378417,15.6220715846255,2.9679079227998,23.617161461879,0.266043204104838,0,1088.90339192708,16.7242983658392,-0.258907900031048,-386.237731594934,1.17516621111853,15.3588449533999,0.409092306501129,0,1581,12.1577753371683,5.181678904057,19.2987643293962,1.61666586106588,7.68992747448977,0.817066913572742,0
289,6.61748386467412,6.37961691074929,15.674922397222,2.97110852592301,22.8978680438551,0.274400450519923,0,1088.80735026041,16.6242983658392,-0.257999412476174,-387.597781871828,1.18223617878686,15.2683561163168,0.411516816827776,0,1589.5,12.0717039386951,5.23932088817132,19.0864430971898,1.62819580149277,7.59465488436309,0.827316764599305,0
297.5,6.61010147187108,6.35726681669975,15.7300303547607,2.97442974642456,22.2188284768776,0.282786525568542,0,1088.70255859374,16.5242983658392,-0.257063701096591,-389.008637055393,1.18939173535146,15.177973299873,0.413967344851778,0,1598,11.989327295792,5.29547857759835,18.884034471036,1.63938590331453,7.50270794480101,0.837455669793665,0
306,6.60246672865977,6.33414072082672,15.7874610633766,2.97787231814451,21.5766886557509,0.291202482801035,0,1088.60651692708,16.4242983658392,-0.256109072686386,-390.458639169154,1.19663444459732,15.0874518115157,0.41645106050207,0,1606.5,11.9104047501733,5.35018201076998,18.690952905658,1.65025204795409,7.4138840648449,0.847489015504457,0
314.5,6.59456164265829,6.3102222175492,15.8473024486986,2.98144520068412,20.9683994997084,0.299650209700887,0,1088.50172526041,16.3242983658392,-0.255122896759812,-391.967954542888,1.20396590864133,14.9970349031223,0.418961837974482,0,1615,11.8347153121089,5.40345963600752,18.5066617937924,1.6608092544827,7.32799709728102,0.857421915397714,0
323,6.58639603717521,6.28550529860588,15.909619871322,2.98514484820244,20.3913190005424,0.308130401324821,0,1088.39693359374,16.2242983658392,-0.254113761296522,-393.524535978637,1.21138776911412,14.9066005839145,0.421503566276519,0,1623.5,11.7620699901527,5.45533065654537,18.3306945620278,1.67106970518334,7.24488450271184,0.867258174347393,0
331.5,6.57796883976232,6.25998048066447,15.9744907047035,2.98897266136264,19.8430432572016,0.316644237768279,0,1088.29214192708,16.1242983658392,-0.25307218369079,-395.14417800331,1.21890170838591,14.8161488488627,0.424076821262624,0,1632,11.6922739929521,5.50582794420719,18.1625726436316,1.68104786304938,7.16438357411279,0.877002918978647,0
340,6.56926133156391,6.23362970912676,16.042018000137,2.99293812799699,19.3213568575409,0.325193792211717,0,1088.18735026041,16.0242983658392,-0.252005388366208,-396.816911925242,1.22650945083822,14.7256796929357,0.426682193161773,0,1640.5,11.6251634205998,5.55497297876517,18.0018877467572,1.69075514578114,7.08635380713186,0.886659836382436,0
348.5,6.56028021234815,6.2064459160282,16.1122809016589,2.9970392424496,18.8243334644136,0.333779961933717,0,1088.08255859375,15.9242983658392,-0.250915482595943,-398.540572169607,1.23421276418361,14.6351931111,0.429320287028815,0,1649,11.5605848141407,5.60278799318929,17.8482569966166,1.70020264202249,7.01066392610111,0.896232564192233,0
357,6.55101688459356,6.17841761046469,16.1853740398877,3.00128102044078,18.3501873518027,0.342404422729904,0,1087.97776692708,15.8242983658392,-0.249793314573237,-400.330970309779,1.24201346083544,14.5446890983204,0.431991723212919,0,1657.5,11.4983863613252,5.64930291488918,17.7012989932691,1.70940230478212,6.93718634167435,0.905725318265428,0
365.5,6.54146248062368,6.14952847001025,16.261409388976,3.00566868839083,17.897298168601,0.351068929398672,0,1087.87297526041,15.7242983658392,-0.248645613603409,-402.178822102611,1.24991339932988,14.4541676495596,0.434697137843908,0,1666,11.4384416153883,5.69453566863452,17.5606942899312,1.71836334544133,6.86581129375048,0.915140984561981,0
374,6.53162543622752,6.11977480509036,16.3404705540506,3.01019958348869,17.4642391342982,0.359774351396734,0,1087.76818359375,15.6242983658392,-0.247467254250198,-404.093868107886,1.2579144858027,14.3636287597786,0.437437183337258,0,1674.5,11.3806166684566,5.73851723907836,17.426104311235,1.72709699337251,6.79642679513679,0.924483628908582,0
382.5,6.52148532212403,6.08913720188192,16.4226879251619,3.01488439786912,17.0496348290824,0.368523160182999,0,1087.65464192708,15.5242983658392,-0.246253690652605,-406.085284386953,1.26601867552297,14.2731872484208,0.440208987510815,0,1683,11.3248077595001,5.78126064085992,17.2972654602761,1.73561076432962,6.72894103357103,0.933755441730348,0
391,6.51103902101188,6.0575999601149,16.5081881699734,3.01972595389022,16.6522737110278,0.377316960807496,0,1087.54110026041,15.4242983658392,-0.245005739814666,-408.153703156688,1.27422797448664,14.1827268524802,0.443016732433284,0,1691.5,11.2708959583166,5.82279791668058,17.1738743866638,1.74391522738991,6.66325507438169,0.942960345512907,0
399.5,6.50029010297679,6.02516114717103,16.5970664613597,3.02472403064935,16.2710640875514,0.386157000757357,0,1087.43630859375,15.3242983658392,-0.243741246055399,-410.271144577932,1.28254444107241,14.0921341735006,0.445864709335137,0,1700,11.2187899260696,5.86314339222235,17.0556974834784,1.75201741761675,6.59928819180563,0.952100457588964,0
408,6.4892232081443,5.99180076824531,16.6894734768167,3.0298872856419,15.9049588434909,0.39504568160206,0,1087.32276692708,15.2242983658392,-0.242436200866599,-412.479652966617,1.29097018776302,14.0016367070701,0.448746488616355,0,NaN,NaN,NaN,NaN,NaN,NaN,NaN,NaN
416.5,6.47784250699669,5.95751350319482,16.7855263687398,3.03521537216564,15.5530432340857,0.40398430150374,0,1087.20922526041,15.1242983658392,-0.241100996391888,-414.763943312199,1.29950738293473,13.9111203386051,0.451666375837678,0,NaN,NaN,NaN,NaN,NaN,NaN,NaN,NaN
425,6.4661321204681,5.9222802367269,16.8853880604724,3.04071741281829,15.2144285187485,0.412975439691141,0,1087.09568359375,15.0242983658392,-0.239729142231682,-417.137437147115,1.30815825271846,13.8205850621829,0.454625131925289,0,NaN,NaN,NaN,NaN,NaN,NaN,NaN,NaN
433.5,6.45408968115498,5.88609323009086,16.9891974338396,3.04639631870436,14.8883268308073,0.422020914679159,0,1086.98214192708,14.9242983658392,-0.238327428579647,-419.590815022707,1.31692508293563,13.7300308718783,0.457623538199664,0,NaN,NaN,NaN,NaN,NaN,NaN,NaN,NaN
442,6.44170577356527,5.84893731343447,17.0971228859487,3.05225842818658,14.5739949628173,0.43112306016366,0,1086.86860026041,14.8242983658392,-0.236888644497691,-422.139272281474,1.32581022111255,13.6394577617638,0.460662397063435,0,NaN,NaN,NaN,NaN,NaN,NaN,NaN,NaN
450.5,6.42897831155677,5.81080454056361,17.209320895571,3.05830673027095,14.2707620678286,0.440283796850915,0,1086.75505859375,14.7242983658392,-0.235417803578957,-424.776709661472,1.33481607857686,13.5488657259092,0.463742532717288,0,NaN,NaN,NaN,NaN,NaN,NaN,NaN,NaN
459,6.41588995717385,5.77167603473027,17.3259897815234,3.06455159704104,13.977973762906,0.449506159744953,0,1086.63276692708,14.6242983658392,-0.233905041127839,-427.523919612087,1.34394513264006,13.4583631296116,0.466861032554181,0,NaN,NaN,NaN,NaN,NaN,NaN,NaN,NaN
467.5,6.4024545624862,5.73155648499794,17.4472676421745,3.0709886427037,13.6950899732325,0.458791093702946,0,1086.51922526041,14.5242983658392,-0.232362691890204,-430.361686665483,1.35319992887024,13.3677325059371,0.470026259456417,0,NaN,NaN,NaN,NaN,NaN,NaN,NaN,NaN
476,6.38863820170437,5.69041560098716,17.5734088706372,3.07763649098225,13.42150882711,0.468142992573847,0,1086.39693359375,14.4242983658392,-0.230779362708207,-433.314308638758,1.36258308345946,13.277189873985,0.473231562312045,0,NaN,NaN,NaN,NaN,NaN,NaN,NaN,NaN
484.5,6.37445549738416,5.64826077722383,17.7045649880831,3.0844906258484,13.1567708924338,0.477562873029349,0,1086.28339192708,14.3242983658392,-0.229160796361883,-436.37481448652,1.37209728569029,13.1865206375178,0.476485456618702,0,NaN,NaN,NaN,NaN,NaN,NaN,NaN,NaN
493,6.35987933641838,5.60506665281267,17.8410010431935,3.09156680818991,12.9003637655545,0.487054894060927,0,1086.16110026041,14.2242983658392,-0.227500874290953,-439.558750319829,1.38174530050649,13.0959379436705,0.479781237067969,0,NaN,NaN,NaN,NaN,NaN,NaN,NaN,NaN
501.5,6.3449166856621,5.56083711639542,17.9829039957245,3.09886448306818,12.6518777381099,0.496620773393457,0,1086.03880859375,14.1242983658392,-0.225801671365388,-442.86651819411,1.39152997119301,13.0053348499839,0.483123685753263,0,NaN,NaN,NaN,NaN,NaN,NaN,NaN,NaN
510,6.32954811912244,5.51555466221383,18.1305428237497,3.1063961056094,12.410878664946,0.506264340890399,0,1085.91651692708,14.0242983658392,-0.224062753026994,-446.303540633335,1.40145422217064,12.9147113495659,0.486513800975565,0,NaN,NaN,NaN,NaN,NaN,NaN,NaN,NaN
518.5,6.31377205200179,5.46921751957153,18.2841511865548,3.1141656240672,12.176995278692,0.515988153348,0,1085.79422526041,13.9242983658392,-0.222282828803234,-449.877305135973,1.41152106191123,12.8240674355214,0.48995260971381,0,NaN,NaN,NaN,NaN,NaN,NaN,NaN,NaN
527,6.29757767934165,5.42181926215742,18.4439936421283,3.12218170169111,11.9498627691492,0.525795603561305,0,1085.67193359375,13.8242983658392,-0.220466531224999,-453.583586789162,1.4217335859795,12.7334031009521,0.493441168662115,0,NaN,NaN,NaN,NaN,NaN,NaN,NaN,NaN
535.5,6.28095390968793,5.37335185025997,18.6103577034811,3.13045338610645,11.7291389536656,0.535690243930136,0,1085.54964192708,13.7242983658392,-0.218601849071877,-457.452672173509,1.43209498020795,12.6427183389566,0.49698056531236,0,NaN,NaN,NaN,NaN,NaN,NaN,NaN,NaN
544,6.26389700530105,5.32381481401122,18.7835233744081,3.13898629419032,11.5145165538622,0.545675129111006,0,1085.42735026041,13.6242983658392,-0.216696717088752,-461.474457681993,1.44260852401166,12.5520131426304,0.500571919084436,0,NaN,NaN,NaN,NaN,NaN,NaN,NaN,NaN
552.5,6.24639044941173,5.27320091602506,18.9638137428262,3.14779267881973,11.3056840713334,0.55575454501786,0,1085.30505859375,13.5242983658392,-0.214746347788941,-465.665661044364,1.45327759385027,12.4612875050661,0.504216382506639,0,NaN,NaN,NaN,NaN,NaN,NaN,NaN,NaN
561,6.22842238837589,5.22150581345554,19.1515634708872,3.15688277400158,11.102357198531,0.565932548811431,0,1085.17401692708,13.4242983658392,-0.21274946844926,-470.036427018617,1.46410566684481,12.3706411657858,0.507911047048828,0,NaN,NaN,NaN,NaN,NaN,NaN,NaN,NaN
569.5,6.2099916777338,5.16873800017918,19.3470824012618,3.16626166022773,10.9042874060295,0.576212371631484,0,1085.05172526041,13.3242983658392,-0.210708507844265,-474.589284614507,1.47509632455753,12.2798739042983,0.511665295274757,0,NaN,NaN,NaN,NaN,NaN,NaN,NaN,NaN
578,6.19107509951907,5.11488562102175,19.5507793153787,3.17594594939701,10.7112025943237,0.586599427267796,0,1084.92068359375,13.2242983658392,-0.208618901829136,-479.342950821888,1.48625325694334,12.1891844867722,0.515472164195901,0,NaN,NaN,NaN,NaN,NaN,NaN,NaN,NaN
586.5,6.17167144885701,5.05996213592397,19.7629937366596,3.18594136770732,10.5228839707707,0.597097271492523,0,1084.79839192708,13.1242983658392,-0.206492748982696,-484.278506110547,1.49758026648207,12.0983755723722,0.519341234663589,0,NaN,NaN,NaN,NaN,NaN,NaN,NaN,NaN
595,6.15176818439018,5.00397101771486,19.9841285343148,3.19625976478964,10.3391061922524,0.607710685077196,0,1084.66735026041,13.0242983658392,-0.20429865621208,-489.479479963839,1.50908127250119,12.0076430462411,0.523265497065761,0,NaN,NaN,NaN,NaN,NaN,NaN,NaN,NaN
603.5,6.1313524418407,4.94691735422879,20.2146089856376,3.20691355300993,10.1596560759581,0.618444685548775,0,1084.53630859375,12.9242983658392,-0.202062485959527,-494.896415458483,1.5207603156994,11.9168885941655,0.52725048636066,0,NaN,NaN,NaN,NaN,NaN,NaN,NaN,NaN
612,6.11041102569555,4.88880840102513,20.4548822119989,3.21791574101659,9.9843317413326,0.629304541351405,0,1084.40526692708,12.8242983658392,-0.199774964201504,-500.563223223179,1.53262156288207,11.8261122081968,0.531297623138114,0,NaN,NaN,NaN,NaN,NaN,NaN,NaN,NaN
620.5,6.08893682344492,4.8296605443002,20.7053889362921,3.2292765597913,9.81295217315861,0.640295111634804,0,1084.27422526041,12.7242983658392,-0.197437116702091,-506.490378660097,1.54466931192009,11.7353138803822,0.535408372645499,0,NaN,NaN,NaN,NaN,NaN,NaN,NaN,NaN
629,6.0669096939087,4.76947833506558,20.9666535781895,3.24101359296926,9.64532542751781,0.651422842536122,0,1084.15193359375,12.6242983658392,-0.195047618940364,-512.695312781926,1.55690799694465,11.6443996221011,0.539588601481357,0,NaN,NaN,NaN,NaN,NaN,NaN,NaN,NaN
637.5,6.04432891158427,4.70829231851371,21.23912306948,3.25313457786317,9.48130025346552,0.662692366997134,0,1084.02089192708,12.5242983658392,-0.192599207392718,-519.212936302981,1.5693421937911,11.5535581086215,0.543831194521015,0,NaN,NaN,NaN,NaN,NaN,NaN,NaN,NaN
646,6.02116670925963,4.64610165796978,21.5234205709776,3.26566226691647,9.3206915004019,0.674111497726178,0,1083.88985026041,12.4242983658392,-0.190102046078479,-526.033265095512,1.58197662570588,11.4626946297672,0.548142082653317,0,NaN,NaN,NaN,NaN,NaN,NaN,NaN,NaN
654.5,5.99742942793242,4.58295313175485,21.8199918535299,3.27860155974851,9.16337574932379,0.685684564189486,0,1083.75005859375,12.3242983658392,-0.187543189847647,-533.210510502866,1.59481616933159,11.3719009914804,0.552518467394923,0,NaN,NaN,NaN,NaN,NaN,NaN,NaN,NaN
663,5.97308822881925,4.51885064573814,22.1295209423026,3.29197702720167,9.00918284889781,0.697420111519689,0,1083.61901692708,12.2242983658392,-0.18492795061069,-540.75113940196,1.60786586098611,11.2809928350139,0.556970950967884,0,NaN,NaN,NaN,NaN,NaN,NaN,NaN,NaN
671.5,5.94813521268583,4.45382915312,22.4525900213186,3.30580250952463,8.85798244629312,0.709324650988552,0,1083.48797526042,12.1242983658392,-0.182253663892345,-548.685814399148,1.62113090325264,11.1900626889054,0.561496881819006,0,NaN,NaN,NaN,NaN,NaN,NaN,NaN,NaN
680,5.92255500148671,4.38791655657071,22.7898590847755,3.32009662719329,8.70963970806869,0.721405881044515,0,1083.35693359375,12.0242983658392,-0.179519075225973,-557.043867756802,1.63461667189895,11.0991105451754,0.566098092419739,0,NaN,NaN,NaN,NaN,NaN,NaN,NaN,NaN
688.5,5.89634752163513,4.3211641385831,23.1419119461613,3.33487010141798,8.56404868792321,0.733669965706753,0,1083.22589192708,11.9242983658392,-0.176722313891644,-565.859498995212,1.64832872314517,11.0081363958404,0.570776476711695,0,NaN,NaN,NaN,NaN,NaN,NaN,NaN,NaN
697,5.86948131572176,4.25358616999574,23.5095742753227,3.35015208515537,8.42106358066249,0.746127285110141,0,1083.09485026042,11.8242983658392,-0.173863295049492,-575.164527806366,1.66227280130057,10.9171402329133,0.575533992705969,0,NaN,NaN,NaN,NaN,NaN,NaN,NaN,NaN
705.5,5.84195630646041,4.18524087743363,23.89348735916,3.36595483016225,8.2805900871161,0.758784729237557,0,1082.95505859375,11.7242983658392,-0.17094007007005,-585.000345202975,1.67645484679172,10.8262095207013,0.580367975990603,0,NaN,NaN,NaN,NaN,NaN,NaN,NaN,NaN
714,5.81375633891456,4.11616908081511,24.2944344696835,3.38230053799429,8.14251588083271,0.771651587683121,0,1082.82401692708,11.6242983658392,-0.16794947489546,-595.417163776458,1.69088100460528,10.7351685815277,0.585289859163575,0,NaN,NaN,NaN,NaN,NaN,NaN,NaN,NaN
722.5,5.78486486200218,4.04641390945249,24.7132404735952,3.39921263273625,8.00673337301339,0.784737671964573,0,1082.69297526042,11.5242983658392,-0.164892081260846,-606.457261230198,1.70555763317094,10.6441056044234,0.590297159826042,0,NaN,NaN,NaN,NaN,NaN,NaN,NaN,NaN
731,5.75526491878163,3.97602166803309,25.1507683682894,3.41671584631149,7.87313942377788,0.798053351907318,0,1082.56193359375,11.4242983658392,-0.161765308243393,-618.179516275143,1.72049131371123,10.5530205813854,0.595392121025762,0,NaN,NaN,NaN,NaN,NaN,NaN,NaN,NaN
739.5,5.72496637155449,3.90507674016257,25.6076913858131,3.43481995110491,7.74167190203446,0.81160573409581,0,1082.43089192708,11.3242983658392,-0.158567774413895,-630.645163367048,1.73568886008737,10.461913504407,0.600577065040048,0,NaN,NaN,NaN,NaN,NaN,NaN,NaN,NaN
748,5.69393414696647,3.83360707847465,26.0850937388682,3.45356253315834,7.61221142642576,0.825408669728686,0,1082.29985026042,11.2242983658392,-0.15529775043606,-643.924330643619,1.75115732917187,10.3707843654774,0.605854396905143,0,NaN,NaN,NaN,NaN,NaN,NaN,NaN,NaN
756.5,5.66215999670255,3.76167667451361,26.5838902842255,3.47296647589963,7.48467944045281,0.83947286682988,0,1082.16880859375,11.1242983658392,-0.151953612489565,-658.095575101035,1.76690403178128,10.2796331565821,0.611226608135957,0,NaN,NaN,NaN,NaN,NaN,NaN,NaN,NaN
765,5.62964567299961,3.68936764816499,27.1049159467037,3.4930495978755,7.35901395163347,0.853808043913942,0,1082.03776692708,11.0242983658392,-0.148533528005293,-673.248668788344,1.78293654420459,10.1884598697026,0.616696280648252,0,NaN,NaN,NaN,NaN,NaN,NaN,NaN,NaN
773.5,5.5963639614459,3.61672356623397,27.6493345893527,3.51384885374159,7.23511824362754,0.868428834969438,0,1081.90672526042,10.9242983658392,-0.145035164284607,-689.487963096774,1.79926272036548,10.0972644968167,0.622266090896246,0,NaN,NaN,NaN,NaN,NaN,NaN,NaN,NaN
782,5.56231461373585,3.54382642415611,28.2180863369495,3.53538590822535,7.11293428866477,0.883346457620524,0,1081.77568359375,10.8242983658392,-0.141457710210048,-706.925058036863,1.81589070465955,10.0060470298981,0.62793881423957,0,NaN,NaN,NaN,NaN,NaN,NaN,NaN,NaN
790.5,5.52748514598765,3.4707377865242,28.8123177695155,3.55769146055248,6.99239107651822,0.898574641838858,0,1081.64464192708,10.7242983658392,-0.137798299550404,-725.698360039788,1.83282894551059,9.91480746091671,0.633717329554542,0,NaN,NaN,NaN,NaN,NaN,NaN,NaN,NaN
799,5.4918683667731,3.39753022144206,29.4331451031378,3.58079438293279,6.87342724251952,0.914126982869818,0,1081.52235026042,10.6242983658392,-0.134052289908994,-745.97755896515,1.85008620969332,9.82346630495527,0.639609798835483,0,NaN,NaN,NaN,NaN,NaN,NaN,NaN,NaN
807.5,5.45545194097473,3.32426682147167,30.0818211565008,3.60472851040049,6.75597763588202,0.93001866581213,0,1081.39130859375,10.5242983658392,-0.130223359217623,-767.911383954433,1.86767159747371,9.7321832367278,0.645609022595032,0,NaN,NaN,NaN,NaN,NaN,NaN,NaN,NaN
816,5.41822908438488,3.2510150049076,30.7596242555153,3.62952580903246,6.63998662302069,0.94626475381681,0,1081.26901692708,10.4242983658392,-0.12630268935173,-791.7487783773,1.88559455862175,9.64080002538555,0.651728621134667,0,NaN,NaN,NaN,NaN,NaN,NaN,NaN,NaN
824.5,5.3801990633042,3.177844434229,31.4678714045553,3.65521590741055,6.52540820291595,0.962880039347098,0,1081.14672526042,10.3242983658392,-0.122291480110236,-817.718453565679,1.90386490935603,9.54939614079893,0.657966767169208,0,NaN,NaN,NaN,NaN,NaN,NaN,NaN,NaN
833,5.34135020659125,3.10480843109038,32.208106303319,3.68183764630718,6.41218512195828,0.9798820819541,0,1081.02443359375,10.2242983658392,-0.118187055939042,-846.116346713785,1.92249285028395,9.45797157595194,0.66432693910345,0,NaN,NaN,NaN,NaN,NaN,NaN,NaN,NaN
841.5,5.30167084115826,3.03195463784311,32.9820237914702,3.70943209377334,6.30026243750239,0.997289457305595,0,1080.90214192708,10.1242983658392,-0.113986703661333,-877.295305399045,1.9414889854065,9.36652632382535,0.670812752770175,0,NaN,NaN,NaN,NaN,NaN,NaN,NaN,NaN
850,5.26116755189005,2.95933944041104,33.7913247241791,3.73802972139297,6.18960888457653,1.01511830946802,0,1080.78860026042,10.0242983658392,-0.109683556266825,-911.713691674367,1.9608643422621,9.27498528706156,0.67743345274569,0,NaN,NaN,NaN,NaN,NaN,NaN,NaN,NaN
858.5,5.21982323038583,2.8869849802159,34.6382127670514,3.76767987660983,6.08016683795671,1.03339027935146,0,1080.66630859375,9.92429836583924,-0.105285807963016,-949.795627109852,1.98063039328989,9.18349937156227,0.684182037038753,0,NaN,NaN,NaN,NaN,NaN,NaN,NaN,NaN
867,5.17763943355481,2.81492118672198,35.5249733000346,3.79842117258691,5.97190246084754,1.05212456974521,0,1080.56151692708,9.82429836583924,-0.100782137083608,-992.23932825557,2.00079907849964,9.09184550064092,0.691079199128127,0,NaN,NaN,NaN,NaN,NaN,NaN,NaN,NaN
875.5,5.1346055851996,2.74314627383588,36.4544905803237,3.83030358365084,5.86476937201553,1.07134397085767,0,1080.44797526042,9.72429836583924,-0.0961552272722656,-1039.98506203774,2.02138282954226,9.00024673885424,0.698112561742886,0,NaN,NaN,NaN,NaN,NaN,NaN,NaN,NaN
884,5.09071775436708,2.67164441511598,37.4301308341061,3.86337511883579,5.75873049136547,1.09107125547905,0,1080.34318359375,9.62429836583924,-0.0914196555853291,-1093.85666965965,2.04239459528323,8.90855656979674,0.705297795209819,0,NaN,NaN,NaN,NaN,NaN,NaN,NaN,NaN
892.5,5.0459589942561,2.60038311720826,38.4558718822012,3.89769682815468,5.65373556779395,1.11133342404113,0,1080.23839192708,9.52429836583924,-0.0865803882078336,-1154.99597622447,2.06384786898932,8.81684861139625,0.712633910835015,0,NaN,NaN,NaN,NaN,NaN,NaN,NaN,NaN
901,5.00031202176576,2.52927276476462,39.5370564191823,3.93333396628032,5.54973587321394,1.13215934068244,0,1080.13360026042,9.42429836583924,-0.0816171761467818,-1225.23229448858,2.08575671724884,8.72512285847515,0.720125711591145,0,NaN,NaN,NaN,NaN,NaN,NaN,NaN,NaN
909.5,4.95377321082402,2.45822633335283,40.6797367041495,3.9703451226993,5.44669951712372,1.15357663616766,0,1080.03755859375,9.32429836583924,-0.0765254403181432,-1306.75497696276,2.10813581075563,8.63330936192609,0.727784102685949,0,NaN,NaN,NaN,NaN,NaN,NaN,NaN,NaN
918,4.9063037266317,2.38707385506227,41.8922941106031,4.00882152166413,5.34455743641798,1.17562312350987,0,1079.95026692708,9.22429836583924,-0.0713031844678011,-1402.46190610404,2.13100045709864,8.54141033002035,0.735614502103497,0,NaN,NaN,NaN,NaN,NaN,NaN,NaN,NaN
926.5,4.85787039881332,2.31562161135249,43.1849484862913,4.04885610089102,5.24324921620434,1.19833810068789,0,1079.86297526042,9.12429836583924,-0.0659542578024846,-1516.20233980152,2.1543666357111,8.44949644063761,0.743616539911277,0,NaN,NaN,NaN,NaN,NaN,NaN,NaN,NaN
935,4.80841652056133,2.24355820482274,44.5720551332435,4.09056854096629,5.14269146584099,1.22176983568119,0,1079.77568359375,9.02429836583924,-0.0604632839055046,-1653.89627457691,2.17825103514714,8.35756769017452,0.751795921984137,0,NaN,NaN,NaN,NaN,NaN,NaN,NaN,NaN
943.5,4.75789025243612,2.17058939078145,46.0704361795477,4.13408334881941,5.04280895859684,1.24596933153063,0,1079.69714192708,8.92429836583924,-0.0548329322995873,-1823.72154481245,2.20267109286884,8.26555708938046,0.760164770412412,0,NaN,NaN,NaN,NaN,NaN,NaN,NaN,NaN
952,4.70619085759069,2.0962272394161,47.7047517175928,4.17957819894387,4.94347779158686,1.27100506406092,0,1079.62735026042,8.82429836583924,-0.0490458318991218,-2038.90924320912,2.2276450377432,8.17346685753258,0.76872952649084,0,NaN,NaN,NaN,NaN,NaN,NaN,NaN,NaN
960.5,4.65320388859088,2.01992012123013,49.5069081935279,4.22725795274071,4.84456417344183,1.29695573889275,0,1079.56630859375,8.72429836583924,-0.0431021754181183,-2320.06851231839,2.25319193546681,8.08129921839035,0.777496926840816,0,NaN,NaN,NaN,NaN,NaN,NaN,NaN,NaN
969,4.59875914325774,1.94098611598487,51.5202036616626,4.27739712687381,4.74588146879024,1.32392377443451,0,1079.50526692708,8.62429836583924,-0.0369980254380006,-2702.84694429369,2.27933173715649,7.989121155832,0.786467645767633,0,NaN,NaN,NaN,NaN,NaN,NaN,NaN,NaN
977.5,4.54264118319596,1.85858219960368,53.8044537504575,4.33033859194865,4.64720325646645,1.35203582895513,0,1079.46172526042,8.52429836583924,-0.0307240638238011,-3254.77777202548,2.30608533136629,7.89680464472492,0.795661737862133,0,NaN,NaN,NaN,NaN,NaN,NaN,NaN,NaN
986,4.48454902025527,1.77171664782314,56.4424340217537,4.38654228410125,4.54822415847391,1.38145902406178,0,1079.41818359375,8.42429836583924,-0.0242737035935818,-4119.68448137601,2.33347459981623,7.80448068587457,0.805074105513722,0,NaN,NaN,NaN,NaN,NaN,NaN,NaN,NaN
994.5,4.42409249759602,1.67925446847252,59.5502360586016,4.44660549014774,4.44855957525995,1.41240893841743,0,1079.38339192708,8.32429836583924,-0.0176439083193952,-5667.67850919256,2.36152247714563,7.71208675999488,0.814719219676382,0,NaN,NaN,NaN,NaN,NaN,NaN,NaN,NaN
1003,4.36072110358537,1.57997115309953,63.2922948016006,4.51135789013147,4.34767806937724,1.44518182048368,0,1079.36610026042,8.22429836583924,-0.0107965216156536,-9262.24237397098,2.39025301503416,7.61956333801383,0.824612255118731,0,NaN,NaN,NaN,NaN,NaN,NaN,NaN,NaN
1011.5,4.2937209343277,1.4727156997036,67.9017681553379,4.58190339866517,4.24490453220732,1.48017116981248,0,1079.34880859375,8.12429836583924,-0.00375797922186165,-26610.0460104358,2.41969145106802,7.52703695149682,0.834748832464562,0,NaN,NaN,NaN,NaN,NaN,NaN,NaN,NaN
1020,4.2221110402519,1.35666871616686,73.7099623573103,4.65978596725701,4.13932454926657,1.51792526350534,0,1079.34901692708,8.02429836583924,0.00350205664325075,28554.6495065185,2.44986428276608,7.43438706108658,0.845151759728429,0,NaN,NaN,NaN,NaN,NaN,NaN,NaN,NaN
1028.5,4.14459691663784,1.23191604699001,81.1743626883781,4.74713350502901,4.0297490681943,1.55920013897913,0,1079.36672526042,7.92429836583924,0.0109931370949383,9096.58445413583,2.48079934722278,7.34161817331116,0.855831120449812,0,NaN,NaN,NaN,NaN,NaN,NaN,NaN,NaN
1037,4.05951496160889,1.10020061254142,90.8925143833579,4.84686256394809,3.91467209412621,1.60503489337133,0,1079.39318359375,7.82429836583924,0.0187299198229224,5339.05115160269,2.5125259068717,7.2487935673161,0.866790487110804,0,NaN,NaN,NaN,NaN,NaN,NaN,NaN,NaN
1045.5,3.96489333712692,0.965973549864145,103.522503296352,4.96281899604662,3.79234178586984,1.65680881680827,0,1079.42839192708,7.72429836583924,0.0267116564457759,3743.68396819561,2.54507474192577,7.15591550454698,0.878040734716216,0,NaN,NaN,NaN,NaN,NaN,NaN,NaN,NaN
1054,3.85877004024844,0.836915052051995,119.486439818252,5.09966235918408,3.66107214444824,1.71621455663134,0,1079.48985026042,7.62429836583924,0.0349815300809995,2858.65140170973,2.57847825010873,7.06287174816877,0.889607730567763,0,NaN,NaN,NaN,NaN,NaN,NaN,NaN,NaN
1062.5,3.74007247429069,0.723102317307976,138.293015533802,5.26195829830733,3.52006821109712,1.78496123665208,0,1079.56005859375,7.52429836583924,0.043545906593214,2296.42710012113,2.61277055435799,6.96978209405087,0.901489490258621,0,NaN,NaN,NaN,NaN,NaN,NaN,NaN,NaN
1071,3.60999559694501,0.63371011119191,157.800859152958,5.45212365871508,3.37067749481326,1.86407193119129,0,1079.65651692708,7.42429836583924,0.0524247273750078,1907.49680555654,2.64798761925244,6.87653735187026,0.913713542975333,0,NaN,NaN,NaN,NaN,NaN,NaN,NaN,NaN
1079.5,3.472904108239,0.572789271532699,174.584275526696,5.66803534562249,3.21714136937379,1.95303363631876,0,1079.77047526042,7.32429836583924,0.0616438571495617,1622.22165555568,2.68416737700153,6.78319933138825,0.926286402657383,0,NaN,NaN,NaN,NaN,NaN,NaN,NaN,NaN
1088,3.33537049393852,0.537833589910614,185.931116754198,5.90256983994623,3.0655978804582,2.049579087731,0,1079.90193359375,7.22429836583924,0.0712202532764662,1404.09497859851,2.72134986392467,6.68977259981178,0.939222554045614,0,NaN,NaN,NaN,NaN,NaN,NaN,NaN,NaN
1096.5,3.20354659647081,0.522424561062632,191.41519647659,6.14637409856657,2.92161112309239,2.15058919290022,0,1080.06839192708,7.12429836583924,0.0811968463114623,1231.57492615428,2.75957736845471,6.59615485379393,0.952552729044206,0,NaN,NaN,NaN,NaN,NaN,NaN,NaN,NaN
1105,3.08131604253935,0.519900410538947,192.344529784726,6.39118693600863,2.78852130546547,2.25323195302995,0,1080.25836588542,7.02429836583924,0.0916043698379744,1091.65097884386,2.79889459181749,6.50242440851812,0.966283483272588,0,NaN,NaN,NaN,NaN,NaN,NaN,NaN,NaN
1113.5,2.97015876249568,0.525191309339991,190.406806475283,6.6314292853533,2.66740795913397,2.35553968625765,0,1080.47568359375,6.92429836583924,0.102476666875215,975.831894706034,2.83934882267283,6.40856473771668,0.980435645785211,0,NaN,NaN,NaN,NaN,NaN,NaN,NaN,NaN
1122,2.87000522377097,0.534977429820199,186.923773650804,6.86393826637975,2.55793691958197,2.45634880949544,0,1080.72581380208,6.82429836583924,0.113863136489991,878.247368574731,2.88099012715378,6.31455109028143,0.995032777048852,0,NaN,NaN,NaN,NaN,NaN,NaN,NaN,NaN
1130.5,2.78000538119005,0.547221403648127,182.741390108896,7.08727341610918,2.45909365872627,2.55508174114608,0,1081.01422526042,6.72429836583924,0.125816855660042,794.80606533516,2.92387155591238,6.22036066566964,1.01009983904256,0,NaN,NaN,NaN,NaN,NaN,NaN,NaN,NaN
1139,2.69904661852898,0.560706584727276,178.346398497602,7.30099941043558,2.36966340520542,2.65150961667271,0,1081.34091796875,6.62429836583924,0.138392110491366,722.584543619912,2.9680493699751,6.12600360881809,1.02565811390239,0,NaN,NaN,NaN,NaN,NaN,NaN,NaN,NaN
1147.5,2.626008592843,0.574711257018969,174.00041982595,7.50521780394611,2.28846064735773,2.74559464871471,0,1081.71136067708,6.52429836583924,0.151655528760072,659.389082729755,3.01358328743326,6.03145959542796,1.04173545520266,0,NaN,NaN,NaN,NaN,NaN,NaN,NaN,NaN
1156,2.55986310175948,0.5888068875998,169.834969844931,7.7003096047308,2.21441444788882,2.83740259786051,0,1082.13102213542,6.42429836583924,0.165697132886747,603.510744318969,3.06053675324684,5.93671028223725,1.05836145078176,0,NaN,NaN,NaN,NaN,NaN,NaN,NaN,NaN
1164.5,2.49970485454222,0.602741453091583,165.908615521763,7.88679156084311,2.14659068659701,2.92705327867621,0,1082.60537109375,6.32429836583924,0.180601589936961,553.704981417411,3.1089772347296,5.84173932136493,1.07556755985331,0,NaN,NaN,NaN,NaN,NaN,NaN,NaN,NaN
1173,2.44476708119675,0.616365697046013,162.241345485738,8.0651868753547,2.08420041022741,3.01467424934151,0,1083.13987630208,6.22429836583924,0.196496228234989,508.915620916706,3.15897654561467,5.7465323750146,1.09338726333437,0,NaN,NaN,NaN,NaN,NaN,NaN,NaN,NaN
1181.5,2.39439355408881,0.62959715735885,158.831720936445,8.23602918936841,2.02657093024867,3.10040236608377,0,1083.74000651042,6.12429836583924,0.213498377529913,468.387634402464,3.21061120198062,5.65107713016809,1.11185622890139,0,NaN,NaN,NaN,NaN,NaN,NaN,NaN,NaN
1190,2.34802651946399,0.642390133750178,155.66864238125,8.39983164996336,1.97313152896134,3.18437226051883,0,1084.42216796875,6.02429836583924,0.231791443373494,431.42231026564,3.26396281375501,5.55530728141002,1.13102390001095,0,NaN,NaN,NaN,NaN,NaN,NaN,NaN,NaN
1198.5,2.30519011067133,0.654728386844457,152.735091389518,8.55708234267647,1.92339600389765,3.26671433986921,0,1085.18636067708,5.92429836583924,0.251547966135083,397.538495486381,3.31911851601733,5.45924514029357,1.15092565834875,0,NaN,NaN,NaN,NaN,NaN,NaN,NaN,NaN
1207,2.26547685231008,0.666604992135874,150.013878053312,8.7082414217891,1.87694851061316,3.34755336742136,0,1086.04899088542,5.82429836583924,0.273002181302734,366.297439539903,3.37617144490541,5.36283207729966,1.17161701440843,0,NaN,NaN,NaN,NaN,NaN,NaN,NaN,NaN
1215.5,2.22854887280425,0.678027744009004,147.486590163296,8.8536905057442,1.83344210020917,3.42698867145178,0,1087.02646484375,5.72429836583924,0.296462473471167,337.310819913016,3.43522126360476,5.26601564080783,1.19315735762147,0,NaN,NaN,NaN,NaN,NaN,NaN,NaN,NaN
1224,2.1941083873769,0.689007040740438,145.136397869803,8.99380878989077,1.79257221190923,3.50512256378642,0,1088.12972005208,5.62429836583924,0.322231287982799,310.3360962432,3.49637474468332,5.16877561764422,1.2156041917802,0,NaN,NaN,NaN,NaN,NaN,NaN,NaN,NaN
1232.5,2.16189760491579,0.699557224433535,142.947562411316,9.12894724340318,1.75407513583431,3.5820502661598,0,1089.38610026042,5.52429836583924,0.350781820914752,285.077487023771,3.55974641594616,5.07101969129096,1.23903784439457,0,NaN,NaN,NaN,NaN,NaN,NaN,NaN,NaN
1241,2.13170515708262,0.709694022029102,140.90579446349,9.25937458463303,1.71773179458712,3.65783839303611,0,1090.81201171875,5.42429836583924,0.382599412074022,261.369978217983,3.62545927804891,4.97271602032726,1.26353189715549,0,NaN,NaN,NaN,NaN,NaN,NaN,NaN,NaN
1249.5,2.10333012543989,0.719436240279666,138.997724052832,9.38541005424606,1.68333743532604,3.73257623535391,0,1092.45052083333,5.32429836583924,0.418369790361275,239.022994259808,3.69364560335342,4.87372037845504,1.28919692129965,0,NaN,NaN,NaN,NaN,NaN,NaN,NaN,NaN
1258,2.07660188995276,0.728801200455341,137.211629093808,9.50732470792051,1.65071692365084,3.8063372448398,0,1094.32828776042,5.22429836583924,0.458795294675557,217.962130737884,3.76444782697066,4.77397726465699,1.31613222243341,0,NaN,NaN,NaN,NaN,NaN,NaN,NaN,NaN
1266.5,2.05138368394395,0.737804876560486,135.537190356049,9.62530585060205,1.61972655660794,3.87916422160661,0,1096.5,5.12429836583924,0.504905342770298,198.056925782015,3.83801954265517,4.6733227230636,1.34447922378034,0,NaN,NaN,NaN,NaN,NaN,NaN,NaN,NaN
1275,2.0275357866726,0.746465314806882,133.964697376289,9.73961539726364,1.59022414640988,3.95113187116711,0,1105,4.83749123635033,0.678915424111935,147.293751840749,4.06594156666112,4.37782012339396,1.4352314919482,0,NaN,NaN,NaN,NaN,NaN,NaN,NaN,NaN
1283.5,2.00494698530805,0.754797889922222,132.485796973153,9.85043485836097,1.5620934829046,4.02228507828895,0,1113.5,4.6465028016775,0.839402352897545,119.132379906738,4.23336552379119,4.17288082773013,1.50571884666004,0,NaN,NaN,NaN,NaN,NaN,NaN,NaN,NaN
1292,1.98351599099099,0.762818857529628,131.092721440904,9.95794307303787,1.53522909519426,4.09266950896637,0,1122,4.5063516758898,0.981169736480361,101.919164729559,4.36527803038751,4.01635621737059,1.56439941258324,0,NaN,NaN,NaN,NaN,NaN,NaN,NaN,NaN
1300.5,1.96315703690631,0.770542284781816,129.778731128709,10.0622813334238,1.50954020523361,4.16231729727744,0,1130.5,4.39645490664693,1.10175132593714,90.7645833009919,4.47461513344293,3.88894728584425,1.61565196063478,0,NaN,NaN,NaN,NaN,NaN,NaN,NaN,NaN
1309,1.94377257017313,0.777984029085798,128.537343006268,10.1636889551336,1.48492938897871,4.23130241330934,0,1139,4.30601184093837,1.20156192992309,83.2250069760453,4.56879716765133,3.78051961452008,1.6619898711932,0,NaN,NaN,NaN,NaN,NaN,NaN,NaN,NaN
1317.5,1.92530399701355,0.785155089623673,127.363372308941,10.2622355575273,1.46133130703116,4.2996309440222,0,1147.5,4.22884093906922,1.28286001771691,77.9508275407702,4.65235389601915,3.68526443491871,1.70494829289453,0,NaN,NaN,NaN,NaN,NaN,NaN,NaN,NaN
1326,1.90767957990408,0.792069703979924,126.251514857251,10.3580865181588,1.43867238303475,4.36734963517251,0,1156,4.16115690288387,1.34839204146326,74.162407463842,4.72819844322243,3.59961669799643,1.74551510183761,0,NaN,NaN,NaN,NaN,NaN,NaN,NaN,NaN
1334.5,1.89083357275742,0.798740008263058,125.197184272089,10.4514024342461,1.41688540483883,4.43450492589009,0,1164.5,4.1005398976221,1.40102360507278,71.3763848360035,4.79825658530793,3.52128801856771,1.78434290919926,0,NaN,NaN,NaN,NaN,NaN,NaN,NaN,NaN
1343,1.87472640347609,0.805176390937134,124.196388674054,10.5422209121548,1.39592435106187,4.50109298716654,0,1173,4.04536756401366,1.4432645432135,69.2873669419917,4.86385370039012,3.44873620120517,1.82188052103954,0,NaN,NaN,NaN,NaN,NaN,NaN,NaN,NaN
1351.5,1.85929339748423,0.811390572732307,123.245208116304,10.630740091346,1.37572578430205,4.56717856049142,0,1181.5,3.9945154187655,1.47723979916825,67.6938165735208,4.92592499001025,3.38088482333093,1.85844405695821,0,NaN,NaN,NaN,NaN,NaN,NaN,NaN,NaN
1360,1.84450633777281,0.817390906552436,122.340485070695,10.7169685703701,1.35625466012707,4.63274744183435,0,1190,3.94719404311759,1.50465559453381,66.4603915761752,4.9851285698281,3.31696978413243,1.89425461071029,0,NaN,NaN,NaN,NaN,NaN,NaN,NaN,NaN
1368.5,1.8303108416776,0.823189185940199,121.478758112919,10.8010818802332,1.33745768482105,4.69785726942104,0,1198.5,3.90281212956877,1.52688856492157,65.4926641651393,5.04196429952633,3.25641395875575,1.92947990850044,0,NaN,NaN,NaN,NaN,NaN,NaN,NaN,NaN
1377,1.81667449251873,0.828793719428846,120.657284986322,10.8831426218809,1.31929883262072,4.76251865902008,0,1207,3.86092459929286,1.54502070460005,64.7240517245277,5.09680899965614,3.19877762990295,1.96424573200801,0,NaN,NaN,NaN,NaN,NaN,NaN,NaN,NaN
1385.5,1.80356685983955,0.834212540363806,119.873527622097,10.9632130823007,1.30174439540927,4.82674273792754,0,1215.5,3.82119568040613,1.55990514100716,64.106462227206,5.14994287865725,3.14372330761508,1.99864450282878,0,NaN,NaN,NaN,NaN,NaN,NaN,NaN,NaN
1394,1.790951283403,0.839454895196606,119.12492329511,11.0414055091742,1.2847570182231,4.89056313221751,0,1224,3.78336573061139,1.57220063282663,63.6051136935444,5.20157848934803,3.09098507402891,2.03274527592261,0,NaN,NaN,NaN,NaN,NaN,NaN,NaN,NaN
1402.5,1.77880151464256,0.844527116544221,118.409460206792,11.1177793553181,1.26830767532446,4.95399139295771,0,1232.5,3.74722622588461,1.58244005639834,63.1935469502724,5.25188454686961,3.04034582221875,2.06660218099608,0,NaN,NaN,NaN,NaN,NaN,NaN,NaN,NaN
1411,1.76708537486665,0.849440036966871,117.724613448966,11.1924414063416,1.25236383760925,5.01706063245496,0,1241,3.71260600749622,1.59102805640166,62.8524428577108,5.30099817128361,2.99162450241436,2.10025867287449,0,NaN,NaN,NaN,NaN,NaN,NaN,NaN,NaN
1419.5,1.75578738772343,0.854194514788505,117.069353957113,11.2654010510692,1.23690552146772,5.07976171027509,0,1249.5,3.67936576952312,1.59829675984955,62.5666037197079,5.34902759912295,2.94467048381202,2.1337481873509,0,NaN,NaN,NaN,NaN,NaN,NaN,NaN,NaN
1428,1.74488566451527,0.858801894563053,116.441289467437,11.3367152903493,1.22190872865215,5.14210690197,0,1258,3.64738842322068,1.60450315596042,62.3245891592791,5.39606207276839,2.89935486742503,2.16709771465809,0,NaN,NaN,NaN,NaN,NaN,NaN,NaN,NaN
1436.5,1.73435286589406,0.863267307801989,115.838974899461,11.4064849398258,1.20734623452423,5.20412879711804,0,1266.5,3.61657870676599,1.60985083109034,62.1175565268187,5.4421694007079,2.85556944869008,2.2003265618568,0,NaN,NaN,NaN,NaN,NaN,NaN,NaN,NaN
1445,1.72417001410692,0.86759741116915,115.260832631166,11.474763541915,1.19319724159649,5.26583961824513,0,1275,3.58684603285887,1.61451049339914,61.9382781399352,5.48741939050677,2.81321257479127,2.23345557441416,0,NaN,NaN,NaN,NaN,NaN,NaN,NaN,NaN
1453.5,1.71431920507902,0.871796581364381,114.705657417809,11.5416035997044,1.17944217755695,5.32725166755893,0,1283.5,3.55812498487153,1.61860423377878,61.7816251268174,5.53185121763761,2.77220489666656,2.26649383482975,0,NaN,NaN,NaN,NaN,NaN,NaN,NaN,NaN
1462,1.70478353896811,0.875871426876461,114.172008506569,11.6070565428525,1.16606261215329,5.3883772978338,0,1292,3.53035432239238,1.62224230218923,61.6430725946731,5.57550349438768,2.73247238575262,2.29945061474024,0,NaN,NaN,NaN,NaN,NaN,NaN,NaN,NaN
1470.5,1.69555293385525,0.879826218341348,113.658808882191,11.6711316705841,1.15304517773224,5.44920999499526,0,1300.5,3.50346801923626,1.62550781455753,61.5192366990992,5.61842815028368,2.69393926892446,2.3323411108997,0,NaN,NaN,NaN,NaN,NaN,NaN,NaN,NaN
1479,1.68660624985119,0.883667970040793,113.164676541783,11.733919613958,1.14036933728952,5.50978099964855,0,1309,3.4774211745994,1.62846930982667,61.4073592892236,5.66064867201588,2.65654787975508,2.36516923149108,0,NaN,NaN,NaN,NaN,NaN,NaN,NaN,NaN
1487.5,1.67792923869231,0.88739733893168,112.68909158595,11.7954684579495,1.12801965626374,5.5701026771031,0,1317.5,3.45217703826295,1.63118064663666,61.3052884155966,5.70217901820903,2.62024822638554,2.39793514366645,0,NaN,NaN,NaN,NaN,NaN,NaN,NaN,NaN
1496,1.66951912083016,0.891021284928263,112.230764507552,11.8557480843128,1.11598871713246,5.63015128264404,0,1326,3.42767944055796,1.63368671986167,61.2112461858461,5.74306899055041,2.58497695366362,2.43065428427692,0,NaN,NaN,NaN,NaN,NaN,NaN,NaN,NaN
1504.5,1.6613521336031,0.894546610294328,111.788473455953,11.914882089841,1.10425532309943,5.68997511331336,0,1334.5,3.40390630428119,1.63602260308106,61.1238498854929,5.78331531144438,2.55069786757677,2.46332009253169,0,NaN,NaN,NaN,NaN,NaN,NaN,NaN,NaN
1513,1.65342124827424,0.897973795539647,111.361824250009,11.9728781697591,1.09280981379659,5.74956888916548,0,1343,3.38081252484066,1.63821920912928,61.041891978028,5.82295630164002,2.51735854418515,2.49594374297341,0,NaN,NaN,NaN,NaN,NaN,NaN,NaN,NaN
1521.5,1.64571230575075,0.901308222162055,110.949836627608,12.029799089615,1.08163805833109,5.80895361325784,0,1351.5,3.35836718670223,1.64030029368511,60.9644468058587,5.86200939742126,2.48491837713817,2.52852784420863,0,NaN,NaN,NaN,NaN,NaN,NaN,NaN,NaN
1530,1.6382285994813,0.904553261948056,110.551809613332,12.0855810620297,1.0707376467198,5.86809040144249,0,1360,3.33655208253336,1.6422810308661,60.8909182536576,5.90047211329674,2.45334711950983,2.56106657603142,0,NaN,NaN,NaN,NaN,NaN,NaN,NaN,NaN
1538.5,1.63094509514409,0.907712037712013,110.167096882466,12.1403736508153,1.06008780964841,5.927042316677,0,1368.5,3.31533321882145,1.64417893603521,60.8206307770499,5.93837180530495,2.42260374046142,2.59356707918847,0,NaN,NaN,NaN,NaN,NaN,NaN,NaN,NaN
1547,1.62386541690176,0.910789996169752,109.794793992623,12.1941149190583,1.04968675947108,5.98577170807183,0,1377,3.29468373140607,1.64600573024075,60.7531299331345,5.97572576753264,2.39265339971392,2.62603238226265,0,NaN,NaN,NaN,NaN,NaN,NaN,NaN,NaN
1555.5,1.61697513215148,0.913788829939423,109.43447405308,12.246880993865,1.03952113928092,6.04430739285005,0,1385.5,3.27457805751791,1.64777253930689,60.687987944054,6.01255115276987,2.36346305125796,2.65846563746166,0,NaN,NaN,NaN,NaN,NaN,NaN,NaN,NaN
1564,1.6102606791916,0.916711298584754,109.085597782402,12.2987452522329,1.02957843938082,6.10267762693073,0,1394,3.25500688236746,1.6494837358148,60.6250294129773,6.04883694187229,2.33501211073706,2.69085769546448,0,NaN,NaN,NaN,NaN,NaN,NaN,NaN,NaN
1572.5,1.6037258493233,0.919561730303182,108.747457299065,12.3496490217056,1.01985745584948,6.16084656845117,0,1402.5,3.23593406502175,1.65114858165218,60.5639014630273,6.0846234352671,2.3072613654344,2.72322217209952,0,NaN,NaN,NaN,NaN,NaN,NaN,NaN,NaN
1581,1.5973658373219,0.922344064362376,108.419410785856,12.3996005838884,1.01035157325863,6.21881083127803,0,1411,3.21734691536382,1.6527712366531,60.5044411363924,6.11990922346684,2.28018916751511,2.75555440605256,0,NaN,NaN,NaN,NaN,NaN,NaN,NaN,NaN
1589.5,1.59116028386391,0.925058613545432,108.101258164317,12.4487332600167,1.00104453215723,6.27662916617652,0,1419.5,3.19923306641617,1.65435175357681,60.4466370491001,6.15469326378295,2.25377461529847,2.78784988726457,0,NaN,NaN,NaN,NaN,NaN,NaN,NaN,NaN
1598,1.58510543778636,0.927707996485652,107.792538577678,12.4970525755169,0.991930812131638,6.33429794733078,0,1428,3.18156242302066,1.6558977102613,60.3902036824606,6.18901010693657,2.22798489007049,2.82012025089667,0,NaN,NaN,NaN,NaN,NaN,NaN,NaN,NaN
1606.5,1.57920510410779,0.930296863019664,107.492569280959,12.5445040897557,0.983009713107867,6.39178354333323,0,1436.5,3.16433030149035,1.65740255156188,60.3353723003284,6.22284663507052,2.20280563974267,2.85235573843618,0,NaN,NaN,NaN,NaN,NaN,NaN,NaN,NaN
1615,1.57344806527606,0.932826658555536,107.201052931793,12.5911547462115,0.974271247848957,6.44911293549092,0,1445,3.14750522151822,1.65888552486464,60.2814350364287,6.25624351968307,2.17820430554894,2.88457115394239,0,NaN,NaN,NaN,NaN,NaN,NaN,NaN,NaN
1623.5,1.56783084124849,0.935299902603696,106.917577689914,12.6370109385017,0.965710404218348,6.5062831255973,0,1453.5,3.13109097582306,1.66033051330621,60.2289720020085,6.28917289022212,2.1541733579794,2.9167500767316,0,NaN,NaN,NaN,NaN,NaN,NaN,NaN,NaN
1632,1.56234311096574,0.937718681728801,106.641791347953,12.682136467554,0.957318082699593,6.56332040596297,0,1462,3.1150644525643,1.66174240948795,60.1777985739764,6.32166130815264,2.13068704005766,2.94890107700169,0,NaN,NaN,NaN,NaN,NaN,NaN,NaN,NaN
1640.5,1.55698188921129,0.940085460134172,106.373307790259,12.7265367071206,0.949089844078813,6.62022183292674,0,1470.5,3.09940372217821,1.66312438121141,60.1277938858429,6.35373477463397,2.10772099434084,2.98103274771648,0,NaN,NaN,NaN,NaN,NaN,NaN,NaN,NaN
1649,1.55175086949152,0.942402173774798,106.111809567936,12.7701619303302,0.941025390837794,6.67695618880769,0,1479,3.08411291537275,1.6644727247192,60.0790860161857,6.38536686843011,2.08526904352451,3.01312932577744,0,NaN,NaN,NaN,NaN,NaN,NaN,NaN,NaN
1657.5,1.54664044035697,0.944671195312863,105.856937838442,12.813073777202,0.933116404438592,6.73354929491338,0,1487.5,3.06916501685586,1.66578910340643,60.0316089206649,6.41659616852291,2.06330421301234,3.04520548523787,0,NaN,NaN,NaN,NaN,NaN,NaN,NaN,NaN
1666,1.54164152113547,0.94689420128278,105.608419467061,12.8553316824989,0.925355054703165,6.79002646091894,0,1496,3.05455829244456,1.66707227404657,59.9854016870336,6.44740982535864,2.04181704040412,3.07725187068476,0,NaN,NaN,NaN,NaN,NaN,NaN,NaN,NaN
1674.5,1.53675784189139,0.949073300952979,105.365939490225,12.8968878407898,0.917741320926482,6.84635764338971,0,1504.5,3.04027331537294,1.66832512703196,59.9403547783912,6.47783294825441,2.0207865173632,3.10927713204368,0,NaN,NaN,NaN,NaN,NaN,NaN,NaN,NaN
1683,1.53198072486227,0.951209785944996,105.129280078477,12.9378003204702,0.910267810375678,6.90256783285179,0,1513,3.02629730673118,1.66953859092572,59.8967885759098,6.5078778128501,2.00019650147467,3.14128402011864,0,NaN,NaN,NaN,NaN,NaN,NaN,NaN,NaN
1691.5,1.52730784485327,0.953305958924622,104.898116983141,12.9780742577942,0.902931034497945,6.9586547223656,0,1521.5,3.01263305043218,1.67071954522193,59.8544503091431,6.53752375709099,1.98004143965309,3.17325949919534,0,NaN,NaN,NaN,NaN,NaN,NaN,NaN,NaN
1700,1.52273692740551,0.955362810050385,104.672276278711,13.0177149345113,0.895727604356185,7.01461613622559,0,1530,2.99925617052347,1.67186601238119,59.8134056553807,6.56680960087737,1.96029815066894,3.20521921883949,0,NaN,NaN,NaN,NaN,NaN,NaN,NaN,NaN
NaN,NaN,NaN,NaN,NaN,NaN,NaN,NaN,1538.5,2.98617170920957,1.67303155132191,59.7717358772982,6.59571078295258,1.94096308690905,3.23714827425464,0,NaN,NaN,NaN,NaN,NaN,NaN,NaN,NaN
NaN,NaN,NaN,NaN,NaN,NaN,NaN,NaN,1547,2.97335192037913,1.67429760331988,59.7265383416395,6.62427570603993,1.92201158395548,3.26906734570707,0,NaN,NaN,NaN,NaN,NaN,NaN,NaN,NaN
NaN,NaN,NaN,NaN,NaN,NaN,NaN,NaN,1555.5,2.96080714165867,1.67507120739168,59.6989546227794,6.65246893580143,1.90344399978057,3.30095621825697,0,NaN,NaN,NaN,NaN,NaN,NaN,NaN,NaN
NaN,NaN,NaN,NaN,NaN,NaN,NaN,NaN,1564,2.9485138442572,1.67603388812763,59.6646647232858,6.68033131090928,1.88523903085499,3.33283217902085,0,NaN,NaN,NaN,NaN,NaN,NaN,NaN,NaN
NaN,NaN,NaN,NaN,NaN,NaN,NaN,NaN,1572.5,2.93646699988899,1.6770187267793,59.62962631434,6.70786298564795,1.86738759929347,3.36469263775599,0,NaN,NaN,NaN,NaN,NaN,NaN,NaN,NaN
NaN,NaN,NaN,NaN,NaN,NaN,NaN,NaN,1581,2.92466590957253,1.67793690188662,59.5969966972913,6.73505446054331,1.84988356076694,3.39653016029541,0,NaN,NaN,NaN,NaN,NaN,NaN,NaN,NaN
NaN,NaN,NaN,NaN,NaN,NaN,NaN,NaN,1589.5,2.91309890494602,1.67880746552743,59.5660920346117,6.76192185980261,1.8327140012243,3.42835014245663,0,NaN,NaN,NaN,NaN,NaN,NaN,NaN,NaN
NaN,NaN,NaN,NaN,NaN,NaN,NaN,NaN,1598,2.90176134270035,1.67963471394359,59.5367547299684,6.7884656525282,1.81587067753464,3.46015021053708,0,NaN,NaN,NaN,NaN,NaN,NaN,NaN,NaN
NaN,NaN,NaN,NaN,NaN,NaN,NaN,NaN,1606.5,2.89063060239095,1.68041947725097,59.5089508029221,6.81472922503618,1.79933433077557,3.49194988375025,0,NaN,NaN,NaN,NaN,NaN,NaN,NaN,NaN
NaN,NaN,NaN,NaN,NaN,NaN,NaN,NaN,1615,2.87972065075066,1.6811594817996,59.4827564443528,6.84067027496183,1.78310876207471,3.52372521565587,0,NaN,NaN,NaN,NaN,NaN,NaN,NaN,NaN
NaN,NaN,NaN,NaN,NaN,NaN,NaN,NaN,1623.5,2.86901841436152,1.68185422429055,59.4581852313523,6.86631050840522,1.76718103748785,3.55548479408284,0,NaN,NaN,NaN,NaN,NaN,NaN,NaN,NaN
NaN,NaN,NaN,NaN,NaN,NaN,NaN,NaN,1632,2.85851141017527,1.68250396994339,59.4352238012042,6.89167113890811,1.75153885427406,3.58723718394686,0,NaN,NaN,NaN,NaN,NaN,NaN,NaN,NaN
NaN,NaN,NaN,NaN,NaN,NaN,NaN,NaN,1640.5,2.8482044494984,1.68310589818566,59.4139680146074,6.91673206016794,1.73618070679573,3.61896966288477,0,NaN,NaN,NaN,NaN,NaN,NaN,NaN,NaN
NaN,NaN,NaN,NaN,NaN,NaN,NaN,NaN,1649,2.83807729697146,1.68366114748194,59.3943740696032,6.94153438545144,1.72108993145631,3.65070133311571,0,NaN,NaN,NaN,NaN,NaN,NaN,NaN,NaN
NaN,NaN,NaN,NaN,NaN,NaN,NaN,NaN,1657.5,2.82814245155477,1.68416785660978,59.3765043119272,6.96603961600914,1.70626995568915,3.68240985913735,0,NaN,NaN,NaN,NaN,NaN,NaN,NaN,NaN
NaN,NaN,NaN,NaN,NaN,NaN,NaN,NaN,1666,2.81837399539481,1.68462833863052,59.3602741369604,6.99030414081578,1.69170107766795,3.71412266039406,0,NaN,NaN,NaN,NaN,NaN,NaN,NaN,NaN
NaN,NaN,NaN,NaN,NaN,NaN,NaN,NaN,1674.5,2.80877887209464,1.68503700885872,59.3458775529983,7.01430366202348,1.67738362024165,3.7458248854692,0,NaN,NaN,NaN,NaN,NaN,NaN,NaN,NaN
NaN,NaN,NaN,NaN,NaN,NaN,NaN,NaN,1683,2.79935400601162,1.68539661221098,59.3332152654652,7.03803871823774,1.66331194653097,3.77751468705789,0,NaN,NaN,NaN,NaN,NaN,NaN,NaN,NaN
NaN,NaN,NaN,NaN,NaN,NaN,NaN,NaN,1691.5,2.79008698802755,1.68570649199164,59.3223081687556,7.06153380142683,1.64947501509167,3.8092030795813,0,NaN,NaN,NaN,NaN,NaN,NaN,NaN,NaN
NaN,NaN,NaN,NaN,NaN,NaN,NaN,NaN,1700,2.78098440531377,1.68596435483315,59.3132350119563,7.0847655993507,1.63587317959634,3.84087555535938,0,NaN,NaN,NaN,NaN,NaN,NaN,NaN,NaN
