A0 f (kHz),A0 Phase velocity (m/ms),A0 Energy velocity 1 (m/ms),A0 Energy velocity 2 (m/ms),A0 Energy velocity absolute (m/ms),A0 Skew angle (deg),A0 Propagation time (micsec),A0 Coincidence angle (deg),A0 Wavelength (mm),A0 Wavenumber (rad/mm),A0 Attenuation (Np/m),A1 f (kHz),A1 Phase velocity (m/ms),A1 Energy velocity 1 (m/ms),A1 Energy velocity 2 (m/ms),A1 Energy velocity absolute (m/ms),A1 Skew angle (deg),A1 Propagation time (micsec),A1 Coincidence angle (deg),A1 Wavelength (mm),A1 Wavenumber (rad/mm),A1 Attenuation (Np/m),A2 f (kHz),A2 Phase velocity (m/ms),A2 Energy velocity 1 (m/ms),A2 Energy velocity 2 (m/ms),A2 Energy velocity absolute (m/ms),A2 Skew angle (deg),A2 Propagation time (micsec),A2 Coincidence angle (deg),A2 Wavelength (mm),A2 Wavenumber (rad/mm),A2 Attenuation (Np/m)
0.001,0.00330933389663696,0.273091566426527,-0.156966093710396,0.314987869969614,29.889194988921,366.177547364519,90,3309.33389663696,0.00189862537399588,0,587.012235173863,20.0604812727561,1.69165252649704,-1.54919982653581,2.29384140100017,42.4831657830891,59.1137946083249,0.979707804757972,34.1738724863453,0.183859330243891,0,679.562797958429,20.0706125236763,0.488743355407778,0.330702748211264,0.59011386624086,-34.0838092948565,204.606362201213,0.979213219337466,29.5345957488745,0.212739844506558,0
8.5,0.299327865695953,0.576891865848719,-0.312551877853536,0.656119578455169,28.4482101480931,173.342711034555,90,35.2150430230533,0.178423331843336,0,587.282686465102,19.9604812727561,1.69993543803911,-1.55682062597216,2.30509673440261,42.483814422224,58.8257634744947,0.984616524161332,33.9878592248305,0.184865579959484,0,679.645428014322,19.9706125236763,0.491236377443738,0.332257073375595,0.593049695499595,-34.0732031455021,203.567985987465,0.98411697121109,29.3838694420753,0.213831106198102,0
17,0.415488769323531,0.773861605136176,-0.401516780992019,0.871824242219802,27.4224649615911,129.222071926418,55.642642302706,24.4405158425606,0.25708071579398,0,587.557544183202,19.8604812727561,1.70827061872204,-1.56450980139991,2.31643679505083,42.4848308052865,58.538734380862,0.989574682930805,33.8017637070176,0.185883356905283,0,679.730360677083,19.8706125236763,0.49375976782295,0.333822282361205,0.596016798858403,-34.0619331244158,202.527638978997,0.989070087229989,29.2330807526135,0.214934079659663,0
25.5,0.499670643260286,0.901802559497748,-0.44732102924674,1.00664986938014,26.382786155563,110.889017719903,43.3499197935697,19.5949271866779,0.320653669560527,0,587.83900436432,19.7604812727561,1.71669145825038,-1.57227783270975,2.32789328493818,42.4858445993139,58.2515859325812,0.994583031795463,33.6154646528174,0.186913534353094,0,679.821354166666,19.7706125236763,0.496323644134856,0.335404883552903,0.599027207761417,-34.0499847987446,201.481434909897,0.994073316596746,29.0820704623369,0.21605013698446,0
34,0.566785328250679,0.993718950958285,-0.470523797120683,1.09948624236527,25.3374548963425,100.632074998233,37.2408883754183,16.6701567132553,0.376912191964189,0,588.123228883088,19.6604812727561,1.72521142356506,-1.58012280343825,2.33947484063089,42.4865983135279,57.9639101817184,0.999642336762083,33.4291867881049,0.187955074917207,0,679.910677083333,19.6706125236763,0.498891549966491,0.336988025634446,0.602041284339346,-34.0379839676134,200.444365126482,0.999127423752732,28.9311716769309,0.217177008153792,0
42.5,0.622770403357706,1.0631889931833,-0.479917154690627,1.16648673828401,24.2941318774801,94.0566546880717,33.4194954424182,14.6534212554754,0.428786233442364,0,588.416276141807,19.5604812727561,1.73378707299956,-1.58804599388874,2.351150291497,42.4878337105188,57.677209362851,1.00475337950579,33.2425904344667,0.189010098944186,0,680,19.5706125236763,0.501512127610676,0.3386108749301,0.605121259551765,-34.0264279488444,199.396972664298,1.00423318876755,28.780312534818,0.218315395275096,0
51,0.670756146138954,1.1174401282058,-0.480351258339558,1.21630989945531,23.2613002421498,89.4902531919661,30.7546736143504,13.1520812968422,0.477733156096606,0,588.70714767618,19.4604812727561,1.74242199008386,-1.59603143359052,2.36291149401259,42.4891992509519,57.3913785346493,1.00991695777277,33.0563020163302,0.190075263230461,0,688.5,14.1108435120706,0.713473124470113,0.446640852618449,0.841743399480436,-32.0469513673986,140.159448997142,1.39285707255347,20.4950523051134,0.30657083542119,0
59.5,0.712652877735986,1.16084310754132,-0.474820634419284,1.2541974944946,22.2460754306552,86.1442854338869,28.7703571185263,11.9773592896804,0.52458853034434,0,589.006976832595,19.3604812727561,1.75119227924291,-1.60411499499967,2.37483879791088,42.4900907989154,57.103952081854,1.01513388579539,32.8696977018299,0.191154338082939,0,697,11.7631651907164,0.931952814919882,0.452283657115678,1.0359037386413,-25.887645186219,107.301569778076,1.67091407738335,16.8768510627207,0.372296068966237,0
68,0.74972422282645,1.19627114359648,-0.46528942485657,1.28357270845285,21.2535370459775,83.5930888538856,27.226004745788,11.025356218036,0.569885016222979,0,589.31199129844,19.2604812727561,1.7600365985126,-1.61227326094004,2.38687115195732,42.4910953911741,56.8170003308508,1.02040499472038,32.6829956918393,0.192246309561778,0,705.5,10.5214000339559,1.31559897295458,0.174100619690661,1.32706883145367,-7.53847038878295,76.0110049154413,1.86818626766958,14.9133948036228,0.421311538379795,0
76.5,0.782872123557364,1.22567159096714,-0.453129567766227,1.30675064724986,20.2893031353771,81.5879235000406,25.98464778135,10.2336225301616,0.613974698466854,0,589.627656294077,19.1604812727561,1.7689826410343,-1.62052387587376,2.39904089514072,42.4920751594987,56.5296672111668,1.02573113305033,32.4958998585369,0.193353171770344,0,714,9.87189112727924,1.98906874895906,-0.621898875971527,2.08402320045152,17.3622878393479,50.2747831377539,1.99114925581854,13.8261780494107,0.454441226253946,0
85,0.812770785483722,1.25042468246399,-0.439311412778427,1.32535142657053,19.3578933852738,79.9728295533546,24.9617546091482,9.56200924098497,0.65709885326699,0,589.941837671194,19.0604812727561,1.77797337720717,-1.62884313183545,2.41128996144905,42.4935303064837,56.2438117926601,1.03111316709909,32.3090854990006,0.19447115912253,0,722.5,9.50659685923325,2.6341277212588,-1.51094650176834,3.03670679900284,29.838759776809,37.9632313167457,2.06769246978235,13.1579195283505,0.477521183621895,0
93.5,0.839913894461546,1.27154942800804,-0.424514270745456,1.34054105268512,18.461891053454,78.6442098099609,24.1028078520736,8.98303630440156,0.699450062792345,0,590.262844689716,18.9604812727561,1.78708432494982,-1.63725206056721,2.42368824198017,42.4946140897965,55.9570685075578,1.03655198146168,32.12209855886,0.195603201193919,0,731,9.25577046627379,3.04962152703487,-2.12122395280882,3.71480585174035,34.8212998667411,32.790954258914,2.12375115840242,12.6617927035209,0.496231888667108,0
102,0.864721079143792,1.28976779905579,-0.409258479381477,1.35314207621627,17.6048446378405,77.5333359021735,23.3695252967973,8.47765763866463,0.741146384412062,0,590.587829354744,18.8604812727561,1.79627609620163,-1.64574237239647,2.43620109393427,42.4958140051538,55.6707291331538,1.04204847949902,31.9350998027888,0.196748572761025,0,739.5,9.05728493145776,3.30296137698991,-2.50137483470537,4.14323906160197,37.1371119500068,30.2758611398396,2.17031405739823,12.2478498058928,0.513003131713498,0
110.5,0.887508440561505,1.3056586277014,-0.393883680392831,1.36377740330704,16.787214218429,76.5896980101525,22.735352914589,8.03175059331679,0.782293378532921,0,590.920909685654,18.7604812727561,1.80556589327639,-1.65432397007787,2.44884789093508,42.4970270365252,55.3842982814321,1.04760358383831,31.7478717798901,0.197908866167197,0,748,8.88845719581033,3.46882346528916,-2.74887953162865,4.42595468941421,38.3951701761821,28.828218270734,2.21155738873752,11.8829641655218,0.528755722870066,0
119,0.908529447670106,1.31964402280789,-0.37865818254178,1.37289561370792,16.0102838789137,75.7780115483142,22.1809648305813,7.63470124092526,0.822977233673405,0,591.262170770868,18.6604812727561,1.81492602041564,-1.66299023905997,2.46160374447036,42.4985747686215,55.0986645599467,1.05321823688936,31.5604180264522,0.199084349957386,0,756.5,8.73944530549089,3.58727677213547,-2.92167324061741,4.6265245233158,39.1612441415407,27.8762990290462,2.24928476290473,11.5524723139338,0.543882308170629,0
127.5,0.928008264193713,1.3320518275668,-0.363766484305487,1.38082878244481,15.2743187872549,75.0721540487397,21.6914916043599,7.27849618975461,0.863253224755953,0,591.604783412282,18.5604812727561,1.82443297488881,-1.67175525061556,2.47453456185649,42.4994953940342,54.8115504249175,1.05889340137777,31.3731088611256,0.200272957805756,0,765,8.60513651013499,3.67827851506444,-3.05025099382074,4.77846878818822,39.6675757606722,27.1866308085287,2.28441002477292,11.2485444576928,0.558577630271316,0
136,0.946122232000944,1.34314596873909,-0.349334108467277,1.38783119026728,14.5788573477709,74.452071723729,21.2558034353283,6.956781117654,0.903174212457964,0,591.95511977443,18.4604812727561,1.83399595220316,-1.68059912961305,2.48755996654427,42.5008739707398,54.5257473877579,1.0646300608953,31.1856096114021,0.201477071812068,0,773.5,8.48251468849298,3.75214130607649,-3.15098852954737,4.89972377732709,40.0230051092137,26.6514482911538,2.31745096760686,10.9664055442702,0.572948472661808,0
144.5,0.963011207356368,1.35313109341211,-0.335444732705117,1.3940899987656,13.9230852120051,73.9026695098963,20.8654417031838,6.66443742115134,0.942793053654949,0,592.310006192976,18.3604812727561,1.84366690647088,-1.68953696652837,2.50072845852599,42.502153854313,54.239732594332,1.07042922046834,30.9980940399211,0.202695859270823,0,782,8.36955837731219,3.81452747130277,-3.23313840527729,5.00038036323263,40.2841289598799,26.2155668696357,2.34874490831711,10.7027600732892,0.587062146974635,0
153,0.978824005327084,1.36215177636416,-0.32217969225828,1.39973469484602,13.3071965506228,73.4132581516863,20.5130370888125,6.39754251847767,0.982124821997229,0,592.674630243472,18.2604812727561,1.85344014377577,-1.69857354988917,2.5140390750628,42.5035045077902,53.9537250964487,1.07629190714503,30.8102968153955,0.203931346225784,0,790.5,8.26483860256495,3.86873244695742,-3.30220527356592,5.08641823043561,40.4828312933911,25.8482594418348,2.3785217195876,10.4552037983111,0.600962489912873,0
161.5,0.993652363971009,1.37038936597564,-0.309505360667902,1.40490589815165,12.7268460043022,72.9719614606068,20.1934645703791,6.15264621653876,1.02121673927715,0,593.045024742532,18.1604812727561,1.8633117844836,-1.70770291581571,2.52748492673665,42.5048843385687,53.6678836213737,1.08221917060176,30.6224325558425,0.205182435971462,0,799,8.1672692292321,3.91678633077717,-3.36163289955098,5.16156864841556,40.6382726950334,25.5311348526275,2.40695309284129,10.2218638663731,0.61468098081891,0
170,1.0076082532709,1.37791393369352,-0.29749100514326,1.4096622669306,12.1831345542526,72.5734732444052,19.9018599523278,5.92710737218174,1.06007617420077,0,593.418838766666,18.0604812727561,1.87328010552669,-1.71692353736257,2.54106371169865,42.5062935325865,53.3822996918466,1.08821208376985,30.4346274383405,0.206448569804546,0,807.5,8.07600892332738,3.96000118720267,-3.41367587125618,5.22826858115028,40.7626236391867,25.2525176818545,2.43416836562564,10.0012494406531,0.628240035853888,0
178.5,1.02075663628072,1.38482493571338,-0.286117461605007,1.4140733023464,11.6735756828036,72.2112935874354,19.6348946923166,5.71852457300126,1.09874238135554,0,593.8088152,17.9604812727561,1.88339561865911,-1.72626651390155,2.55483368018392,42.5074801305427,53.0955891631495,1.09427174348322,30.2462355105101,0.20773445690444,0,816,7.99034520599574,3.9992696175537,-3.45986786198834,5.28817956354622,40.8638997105073,25.0045657239705,2.46028081481048,9.79208971323008,0.641659287362368,0
187,1.03318917714915,1.39119541326898,-0.275379542301506,1.41818848190881,11.1966484881069,71.8806280168966,19.3891067398361,5.52507581363181,1.13721250515284,0,594.194233333333,17.8604812727561,1.89353226956809,-1.7356667236595,2.56865790472663,42.5092765162081,52.8113524164073,1.10039927114771,30.0583214558676,0.209033139671645,0,824.5,7.90970385812973,4.03522066280214,-3.50129959299642,5.34248113121818,40.9476790959167,24.7817922132065,2.48537963886045,9.59333396983594,0.654953254722043,0
195.5,1.04495091930373,1.39709094031807,-0.265258945245046,1.42204971908557,10.7505123158257,71.5773018879024,19.162293667921,5.34501749004463,1.17552193587436,0,594.591166666667,17.7604812727561,1.90385130340245,-1.74519703408248,2.58270448817466,42.5104471755251,52.5251104544172,1.10659581343317,29.8700725278565,0.210350520619592,0,833,7.83360317681967,4.06830099469379,-3.5387343842276,5.39200463886496,41.0177576538418,24.5802855124112,2.50953959923475,9.40408544636215,0.668133583325761,0
204,1.05610677093227,1.40256472458039,-0.255734103149004,1.42568851371914,10.3334075315031,71.2979574114965,18.9521116876444,5.1769939751582,1.2136744484018,0,595,17.6604812727561,1.91422822928948,-1.75481834019421,2.59685523679906,42.5122219923683,52.2403747212095,1.11286254298892,29.6814811306826,0.211687054278584,0,841.5,7.76161232198624,4.0988609171139,-3.57277323810572,5.43740465928077,41.0770435448516,24.3970220073757,2.53283129781141,9.22354405464794,0.681211611280087,0
212.5,1.06670428526008,1.40766229195906,-0.246781037405989,1.42913050790564,9.94362702108982,71.0397661223336,18.7567584148228,5.01978487181212,1.25168417922886,0,603.5,15.9197667282339,2.11424094823286,-1.94042216958336,2.86971304896416,42.5452983110512,47.2982987504725,1.23456414311308,26.3790666582169,0.238188310018256,0,850,7.69337264165317,4.12715837229969,-3.60384426712275,5.47915410731592,41.1275371931708,24.2297462271309,2.55531217672519,9.05102663723903,0.694195869596539,0
221,1.07679210468491,1.41242066895038,-0.238376245417448,1.43239498060331,9.57961634724552,70.8004365826178,18.5745770574642,4.87236246463758,1.28955621688276,0,612,14.6514889343016,2.2861311677966,-2.10074559252884,3.1047588893343,42.5801702526652,43.742022071455,1.34145055225994,23.9403413959177,0.262451783926982,0,858.5,7.62855839395738,4.15340564580406,-3.63230398218026,5.5176453925166,41.1708741293131,24.0766273578465,2.57703737432336,8.88591542685775,0.707094880532917,0
229.5,1.08640213188112,1.41688168886268,-0.23048165665608,1.43550531670534,9.23927768046903,70.5775230113032,18.4043471921652,4.73377835242317,1.32730872453361,0,620.5,13.6766002215,2.43558323169045,-2.24091869775357,3.30964987399471,42.6163762811052,41.0579276038921,1.43709056207854,22.0412574077357,0.285064739771807,0,867,7.56688954462872,4.17777170247819,-3.65842913727864,5.55318648620023,41.2082792749931,23.9362050206529,2.5980541340945,8.72766960164789,0.719915578150809,0
238,1.09557576624078,1.42107030477998,-0.223075360354737,1.4384726022851,8.92131623922857,70.3694952062789,18.2447864531034,4.60325952202009,1.36494266228602,0,629,12.8980096925595,2.56581804047565,-2.36375399163782,3.48866093935969,42.6527496631753,38.9739250494403,1.52386065378753,20.5055797973919,0.306413443036551,0,875.5,7.50812209232422,4.20039091440231,-3.68243386049886,5.58601852581443,41.2406681170946,23.8073079477245,2.61840369490048,8.57581049951367,0.732663729863889,0
246.5,1.10433282443079,1.42500729233939,-0.216137664026873,1.44130540588434,8.6245886199491,70.1750794803536,18.095077760422,4.48005202608842,1.40248043339477,0,637.5,12.257812004371,2.67827433861491,-2.47028653865146,3.64355170347914,42.6866648290312,37.3374745664463,1.60346870374808,19.2279403990134,0.326773704140563,0,884,7.45201186516906,4.22138581291986,-3.70450942404258,5.6163589855298,41.2688176707821,23.6889032255575,2.63813296446102,8.42987767553061,0.74534715081546,0
255,1.11271787868402,1.42871949066016,-0.209634727304201,1.44401734819362,8.34739348050067,69.9927457095117,17.9540541228814,4.36359952425107,1.43990878912243,0,646,11.718846556476,2.77263218319613,-2.5596238580823,3.7734816175727,42.712414354306,36.066810666796,1.67723498527678,18.1406293443901,0.346359830626419,0,892.5,7.39837972625145,4.24084722028582,-3.72479711189483,5.64436875749503,41.2933027577508,23.5801939578621,2.65727092224604,8.28950109383916,0.757969054597183,0
263.5,1.12075492043163,1.43223037709936,-0.203535966870309,1.44662045571602,8.08821297773999,69.8211695541089,17.8209673453962,4.25333935647676,1.47723583297248,0,654.5,11.2556630410221,2.84621266209031,-2.62800706756692,3.87393180954762,42.7173651986405,35.1344090805071,1.74627609581897,17.197346128376,0.365357844185748,0,901,7.34703202940972,4.25886277638023,-3.74342797337635,5.67019974426771,41.3146178588751,23.4804466005815,2.67585579887977,8.15430857870113,0.770535631137522,0
272,1.12845054487843,1.43555677596792,-0.197817582361108,1.44912216631953,7.84586174266405,69.6593835047555,17.6954019662334,4.14871523852362,1.51448941321303,0,663,10.8496093233396,2.89225723503307,-2.66631159097923,3.93374750254656,42.6723129091418,34.5750712587833,1.81165301531699,16.3644182855801,0.383954088530979,0,909.5,7.2978100678247,4.27550266735301,-3.76050495391432,5.69397230121089,41.3331419972179,23.3890627091833,2.69391706466461,8.0239802834796,0.78305094045606,0
280.5,1.1358493166244,1.43870959751376,-0.192459646239104,1.45152541190593,7.61935960446632,69.5067303177865,17.5763655613257,4.04937367780534,1.55164373730629,0,671.5,10.4855261725816,2.89592919740477,-2.65403960597753,3.92814614627292,42.5044026954933,34.5312309740226,1.87458012304786,15.6150799293844,0.402379324063266,0,918,7.25056590080066,4.29083131592995,-3.77612722470762,5.71580004889458,41.3492496567441,23.3055071703109,2.7114835082211,7.8982199355127,0.795519162353096,0
289,1.14294823580449,1.44170953621337,-0.1874314450918,1.45384212809293,7.40727188459977,69.362099291268,17.4636743245374,3.95483818617471,1.58873385241001,0,680,10.1486997870509,2.82521530422784,-2.54481042189755,3.80235474392403,42.0109196478379,35.3955324574213,1.93681910978306,14.924558510369,0.42099639348221,0,926.5,7.20515080331167,4.30490641833579,-3.79036718426953,5.73577393750974,41.3631467440118,23.229308673023,2.72858726858105,7.77674128797806,0.807945780180789,0
297.5,1.14978718479977,1.44456269210781,-0.182724260091861,1.45607332461517,7.2091177327152,69.2251022031357,17.3564907231155,3.86483087327653,1.62573357365385,0,688.5,9.81992405293908,2.61450698191214,-2.2361789021466,3.44036957911107,40.5402579652867,38.248128879298,2.00169070279953,14.2627800333175,0.440530197654471,0,935,7.16145856603491,4.31777058758669,-3.80329147782177,5.75396983936312,41.3750872298347,23.1601003275842,2.74524715953987,7.65931397436889,0.820332647049804,0
306,1.15636232668048,1.44728607533819,-0.178295089575017,1.45822704776533,7.02303659816798,69.0948401314735,17.2546950854997,3.778961851897,1.66267497620424,0,697,9.46477854640581,2.17432795187937,-1.56197479918711,2.6772126018715,35.6923819339234,45.9912222135422,2.07683216766219,13.5793092487888,0.462702865960579,0,943.5,7.11936182871871,4.32947739773394,-3.81497449233192,5.77047700928028,41.3853031422611,23.097475933779,2.76149233091575,7.5456935121555,0.832684934401044,0
314.5,1.16270310071095,1.4498881405821,-0.174152884463573,1.46030984635713,6.84925207099955,68.9708379570938,17.1576707035241,3.69698919144977,1.69954116222764,0,705.5,9.02286251658981,1.60343932400522,-0.592017911336446,1.70924043747785,20.2650300686708,62.3659395793106,2.17859783730404,12.7893161113959,0.491283916391821,0,952,7.07876171053325,4.34005726080421,-3.82545490612229,5.78534374655772,41.3939063958447,23.0411706553084,2.77734320496763,7.43567406568619,0.845005476527669,0
323,1.16881786082335,1.45237740590995,-0.170229307031473,1.46231944053621,6.68498602284131,68.8526271429758,17.0651490646471,3.6186311480599,1.73634312260543,0,714,8.47722633991346,1.28208670395179,0.0921270083008219,1.28539243116973,-4.11004320357664,77.997844991114,2.31889745280076,11.8728660222878,0.529205441667141,0,960.5,7.03956603100967,4.34954475113937,-3.8347761425814,5.79862463053745,41.4010126113075,22.9909118589491,2.79281943063019,7.32906406143641,0.857297092031169,0
331.5,1.17471466317783,1.45475708864085,-0.16657519473336,1.46426277780023,6.53213496085132,68.7399984374217,16.9768804006045,3.54363397640371,1.7730909425234,0,722.5,7.92849351819063,1.20586235255701,0.396523200639622,1.26938357558298,-18.2023939946087,82.9282046893258,2.47948587770481,10.9736934507829,0.572567963134721,0,969,7.00167499491747,4.35797590458133,-3.84299304865123,5.81038290966208,41.406808497046,22.9464325158096,2.80794543910192,7.22567078938852,0.869564292412402,0
340,1.18041855256466,1.45703533545721,-0.163135162921272,1.4661395056925,6.38844495380685,68.6325153319775,16.8923774307046,3.471819272249,1.80976739123561,0,731,7.44592786359702,1.21303768666464,0.541941869444615,1.32859377505912,-24.0733841798415,82.4376695788892,2.64029008598642,10.1859478298181,0.616848369160732,0,977.5,6.96502156688077,4.36537129621574,-3.85012589866676,5.82064738576465,41.4113222505645,22.9075588797425,2.82273418813602,7.12534175639977,0.88180827278021,0
348.5,1.18592469969247,1.45923251219879,-0.159886011729459,1.46796561996688,6.25287344545933,68.5291748669432,16.8116104704279,3.40294031475602,1.84639891564777,0,739.5,7.03603256403557,1.24289077565942,0.626934953970807,1.39205779934946,-26.7671432509057,80.4575928620472,2.79422308589815,9.51458088442944,0.660374364724986,0,986,6.92951970630595,4.37175899569057,-3.85621366911235,5.82946486208214,41.4146689077164,22.8740880040675,2.83720764382994,7.02791045264295,0.894033205106747,0
357,1.19125609117414,1.46134623534801,-0.156822117743657,1.46973670981554,6.12516716034718,68.430052769928,16.7341507015566,3.336851796006,1.88296804631844,0,748,6.68772404491971,1.27800295783703,0.684246885449366,1.44965008208442,-28.1647394494415,78.247080248739,2.93987585076575,8.9408075466841,0.70275366899155,0,994.5,6.89510075758201,4.3771610293661,-3.86128372470575,5.83686993856115,41.4169146540391,22.8458581553446,2.85138208522071,6.93323354206335,0.906241693584966,0
365.5,1.19641306701652,1.46336829229701,-0.153954414226295,1.47144443339191,6.00573941400624,68.3354973087687,16.6599114107538,3.27335996447747,1.91949109641615,0,756.5,6.38892872195957,1.31292593400631,0.726298920295762,1.50042814883257,-28.9509774123871,76.1657587910205,3.07749640856153,8.44537835024398,0.743979138246431,0,1003,6.86169865067315,4.38159553557302,-3.8653591968328,5.84289150659957,41.4181177360025,22.8227364183038,2.86527390063047,6.84117512529726,0.918436553969457,0
374,1.20141140541843,1.46532111833087,-0.151240848022528,1.47310548635764,5.89282872458108,68.2444269375638,16.5885911928455,3.21232996101184,1.95595887827179,0,765,6.12973835810776,1.34582871521486,0.758676442555054,1.54494170607983,-29.4110155535378,74.3036605397703,3.20775888129944,8.01272987987943,0.78415039585412,0,1011.5,6.82925213130523,4.3850814997206,-3.86846380196618,5.84755948634252,41.4183334260303,22.8045932570174,2.87889856921928,6.7516086320368,0.930620486111337,0
382.5,1.20624866455543,1.46720415574905,-0.148677179562375,1.47471791823722,5.786240111732,68.1568407560479,16.5201570442822,3.15359127988348,1.99239050008146,0,773.5,5.90250054307098,1.37612810355247,0.784277138861386,1.5839252469506,-29.6794984679322,72.6676533542554,3.33138976390484,7.63089921534709,0.823387274535481,0,1020,6.79770372492435,4.38763343410093,-3.87061574503614,5.85089680286381,41.4176039124396,22.7913296545683,2.89227098317248,6.6644154165925,0.942796166567925,0
391,1.21094893100203,1.46902001611394,-0.146257473672296,1.47628285106493,5.68570260818702,68.0725918660621,16.4542076442409,3.09705608951927,2.02876057958475,0,782,5.70133021914574,1.40371768406328,0.804786843332894,1.61805599401062,-29.8267376617111,71.2393960233759,3.44907696304407,7.2907036050457,0.861807809993971,0,1028.5,6.76700335039684,4.38926122866126,-3.87182930122184,5.85292031991116,41.4159710666706,22.7828772976678,2.90540380008337,6.57948794399304,0.954965699559649,0
399.5,1.21550690422613,1.47077237561946,-0.143967570557097,1.47780176013477,5.59062664292367,67.9914864173878,16.3907630369668,3.0425704736574,2.06509113316502,0,790.5,5.52170569174173,1.42867744707116,0.821281798251609,1.64791475504929,-29.8926404991944,69.9948054790139,3.56142002275172,6.98507993895222,0.899515161185411,0,1037,6.73709806188049,4.38997145292946,-3.87211068017505,5.85363907984267,41.4134377731535,22.779191407559,2.91831172958541,6.49671944250771,0.967132006050472,0
408,1.2199268919327,1.47246685777893,-0.141803365356833,1.47927916286409,5.50080705365773,67.9132433247699,16.3297114108034,2.99001689199192,2.10138789650576,0,799,5.36008638578069,1.45116557591229,0.834494217204622,1.67399585640491,-29.9010978622485,68.9101241511563,3.66895013375197,6.70849359922489,0.936601520780396,0,1045.5,6.70793536123607,4.38980444736293,-3.87150823736883,5.85311533442679,41.4100964816142,22.7800580183185,2.93101012357097,6.4160070408762,0.979298380932189,0
416.5,1.22422170420618,1.47410324385622,-0.139753131926544,1.48071310908991,5.4157693618308,67.8378535674357,16.2708291418996,2.93930781322012,2.13764114085627,0,807.5,5.2136758205189,1.47136126513837,0.844958099733196,1.69671982450089,-29.8674429974831,67.9642738798045,3.772128748218,6.45656448361474,0.973146837319577,0,1054,6.67948451692171,4.38873395810705,-3.86999094110346,5.8513088825719,41.4058869656738,22.7856144743693,2.94350554841769,6.33727183768663,0.991465328947166,0
425,1.22839488605394,1.47568697910471,-0.137808914181231,1.4821077414031,5.33516616469134,67.7650486966208,16.2140255899886,2.89034090836221,2.17385613198822,0,816,5.08024376447504,1.48944731911853,0.853077661857027,1.71644831369571,-29.8018289161945,67.1389976109937,3.87135240938369,6.22578892705275,1.00921913363902,0,1062.5,6.65168633033597,4.38676656485631,-3.86757725384126,5.84823688892401,41.4008986981857,22.7958334507995,2.95581770911793,6.26041066384562,1.00363788328863,0
433.5,1.23245803283345,1.47721985644838,-0.1359606704774,1.48346345024137,5.25858579703995,67.6947304515837,16.1591049619085,2.84304044482918,2.21002318788929,0,824.5,4.95797034437866,1.50560154381541,0.859168223495294,1.73349532592488,-29.7111471427803,66.4186354024223,3.96697867275361,6.01330545103537,1.04488045025182,0,1071,6.62451657073555,4.38391927254259,-3.86427437033196,5.84391688830144,41.395069882195,22.8106390157139,2.96795151788245,6.18535627519659,1.01581623234466,0
442,1.23640611002643,1.47870224051543,-0.134207272987102,1.48478008749713,5.18596643396233,67.6268671677561,16.1060999478926,2.79729889146251,2.24616158336035,0,833,4.84537753773614,1.51998864740848,0.863488346725629,1.74813546762876,-29.6004165577583,65.7899650569733,4.05931276575217,5.81677975718625,1.08018277628908,0,1079.5,6.59794015071893,4.3802189856203,-3.86011803284333,5.83839272312773,41.3884835045369,22.8299088078215,2.97991715847085,6.11203348839178,1.02800243472371,0
450.5,1.2402500875278,1.48013800511474,-0.132541483066934,1.48606048292747,5.11700037631407,67.561267702364,16.0548302318681,2.75305235855228,2.28226146432016,0,841.5,4.74124985660663,1.53276200479162,0.866251000377668,1.76061073465662,-29.4732615599903,65.2417007254789,4.14861813351633,5.63428384623486,1.11517017577635,0,1088,6.57189852360673,4.37562963607689,-3.85506315691578,5.8316075533187,41.3810352305282,22.8538538032342,2.99173601947786,6.04034790772677,1.04020255176729,0
459,1.24399271015365,1.48153029393038,-0.130953531563425,1.48730657204975,5.05128748373767,67.4977760560723,16.00522934976,2.71022376939792,2.31832713524441,0,850,4.64456750520376,1.54406263498967,0.86763698538873,1.77113617748203,-29.3324272630264,64.764212107671,4.23513269974639,5.4641970649456,1.14988263280035,0,1096.5,6.54638797110102,4.37016795994897,-3.84914063578406,5.8235943911135,41.3728364653797,22.8824157141017,3.00340515430574,5.97025806757959,1.05241435731217,0
467.5,1.24764396015679,1.48288099091728,-0.129439026319159,1.48851956478854,4.98864021013035,67.436295031432,15.9571379605356,2.66875713402522,2.35434885665404,0,858.5,4.55445901543866,1.55402154716485,0.867797821896414,1.77990337623725,-29.1798956554634,64.3491721092541,4.31908094382241,5.30513571978878,1.18435901342591,0,1105,6.52134852109783,4.36383934089771,-3.84235064488761,5.81435742549723,41.3638451502946,22.9156007332361,3.01494770078418,5.90167286977179,1.06464479577679,0
476,1.25119180561883,1.48418820085179,-0.127999263181927,1.4896974279775,4.92910271957865,67.3769000067572,15.9106883651598,2.62855421348493,2.3903578914012,0,867,4.47021013342732,1.56275629180509,0.866870813998518,1.78708484290446,-29.0174095591613,63.9895040092867,4.40064048206607,5.15595171098884,1.21862764808062,0,1113.5,6.49677420337251,4.35664142114516,-3.83469142965893,5.80389376480457,41.3540541901306,22.9534612407267,3.02636246290543,5.83455249517065,1.07689241160831,0
484.5,1.25465996314568,1.48545592235121,-0.126623856956095,1.49084301601434,4.87225262110916,67.3193990446501,15.8655462680699,2.58959744715311,2.4263173853863,0,875.5,4.3911902939381,1.57037898956665,0.864975534449381,1.79283932522364,-28.8462750779953,63.6788957725392,4.47999071736876,5.01563711472084,1.25271927842198,0,1122,6.47261583706984,4.34856441942257,-3.82615833184639,5.79219302943414,41.3434823496979,22.9960948844075,3.03766862194617,5.76881981913533,1.08916303579774,0
493,1.25803667511275,1.48668582706625,-0.125307638144675,1.49195735615233,4.81787675216361,67.2637070855348,15.8218432106437,2.55179852964046,2.46225759369211,0,884,4.3168781956963,1.57698666635839,0.862213509126905,1.7973032802488,-28.6675225503255,63.4120770538422,4.55727234267633,4.88334637522206,1.28665567100877,0,1130.5,6.44885761666848,4.33961276039891,-3.81675024056717,5.77925785106414,41.3320808568077,23.0435307298727,3.04887024480647,5.7044295591937,1.10145725211965,0
501.5,1.26133094782281,1.48788003033231,-0.12404904349251,1.49304224650647,4.76589957265064,67.2097198439216,15.7794416480974,2.51511654600759,2.49816865033682,0,892.5,4.24680910193246,1.58267436659787,0.858681293815365,1.80060870680845,-28.4820812868886,63.1841913349242,4.63262678235353,4.75832952597475,1.32046031551219,0,1139,6.42547716858657,4.3297942463249,-3.80647150056544,5.76509700700041,41.3198180343137,23.0957856911744,3.05997473997045,5.64133201807425,1.11377690358392,0
510,1.26454479395303,1.48903842057038,-0.122842410828233,1.49409694325128,4.71609668604428,67.1574343674053,15.7382966545842,2.47949959598633,2.53405377333009,0,901,4.18058087579809,1.58752708856325,0.854462727691677,1.80287237760647,-28.2906949554123,62.9910511262536,4.70618045401557,4.63993437935415,1.35415391543838,0,1147.5,6.40243706459875,4.31907280283207,-3.79530522662653,5.74967230713389,41.3067905701166,23.1531174779987,3.07099704377514,5.57946585150218,1.12612667133502,0
518.5,1.26768645408619,1.49016084254889,-0.121692255547762,1.49512151403367,4.66863337721031,67.1068499081963,15.6982854486597,2.44491119399457,2.56990328426364,0,909.5,4.11785298938394,1.59161903903213,0.849632791119695,1.80419706383626,-28.094043462914,62.8291051738176,4.77803581112158,4.52760086793176,1.38775159084413,0,1156,6.3797141501695,4.30746965065987,-3.78325343713293,5.733001078051,41.2928588778851,23.2154856818738,3.08194569464681,5.51878386692863,1.13850903725939,0
527,1.2707514135325,1.49125145345293,-0.120585673422819,1.49611891307486,4.6229965239945,67.0577720266119,15.6594492422821,2.4112930048055,2.60573281416142,0,918,4.05832170292951,1.59503136527984,0.844264405714207,1.80469040086726,-27.8926704056952,62.6946918893067,4.84829108610213,4.42082974175328,1.42126833065679,0,1164.5,6.35728993611716,4.29497184186548,-3.77031169410968,5.71507072512297,41.2780581272628,23.2830397222269,3.09282726460866,5.45924425600443,1.15092584477585,0
535.5,1.27374753111625,1.49230843519656,-0.119526086415237,1.4970874894583,4.57931605771,67.0102759198225,15.6216730639443,2.37861350348505,2.64153268194842,0,926.5,4.00170338569352,1.59782182208073,0.8384157127402,1.80443217730316,-27.6870817947038,62.5852010643949,4.9170551058657,4.31916177624773,1.45472330805773,0,1173,6.33513893538961,4.28156570863135,-3.75646317873786,5.69585994653496,41.2623337936829,23.3559419159227,3.10365199780781,5.40080045642763,1.16338038368031,0
544,1.2766763530902,1.49333585093199,-0.118505288558301,1.49803052942691,4.53726046417906,66.9641728199252,15.5849234357038,2.34683153141581,2.6773056451091,0,935,3.94777897344774,1.60005891976234,0.832150767014669,1.8035141933886,-27.4778175700444,62.4976985315349,4.98438806947614,4.22222350101363,1.48812238520087,0,1181.5,6.31325052226382,4.26725612286371,-3.74171620241531,5.67537795724083,41.2456965173579,23.4342624676794,3.11442313505866,5.34341982417589,1.17587341326837,0
552.5,1.27953939097685,1.49433255447703,-0.117524700164927,1.49894690983994,4.49688205870568,66.9195084456933,15.5491681609433,2.31590839995811,2.71305432775029,0,943.5,3.89631691653543,1.60179377057341,0.825515118768288,1.80200402184978,-27.2651825910704,62.4300093040081,5.05039113998233,4.12964167094375,1.52148438238315,0,1190,6.29158333793044,4.25201633580571,-3.72604540554663,5.65358800092063,41.2281105209578,23.5182539535213,3.12515932994137,5.28704482179029,1.18841158321256,0
561,1.28233812234847,1.49530052445408,-0.11657950170752,1.49983813748385,4.45798615962514,66.8761886755234,15.5143762642887,2.28580770472099,2.74878122696088,0,952,3.84715007849361,1.60308266488435,0.818563076649388,1.79997765011302,-27.0496805711842,62.3798149593331,5.11510640853571,4.0411240320311,1.55481129937544,0,1198.5,6.27012729515671,4.23584869876008,-3.70944787198185,5.63049000653923,41.2095144450918,23.6080198117728,3.13586413188313,5.23164563634269,1.20099596645693,0
569.5,1.28507399158968,1.49623784475243,-0.115675596631305,1.50070267932239,4.42079850655913,66.8342939932431,15.4805179349017,2.2564951564349,2.78448871882649,0,960.5,3.80009754111728,1.60397225317048,0.811334993645819,1.79749588618585,-26.8315898747771,62.3452181310092,5.17861325569422,3.95637432703517,1.58811699495788,0,1207,6.24886353809646,4.2187390836788,-3.69191320381004,5.60606658546133,41.1898979059857,23.7037650389126,3.14654563484876,5.17718602990593,1.21362942549966,0
578,1.28774841064284,1.49714996291425,-0.114800039865799,1.50154489130606,4.38480574269114,66.793576112674,15.4475644729268,2.22793842671772,2.82017906412082,0,969,3.75501142974446,1.60450791720933,0.803873890899098,1.79461942730393,-26.6113097437241,62.3244042160457,5.24096539752273,3.87514079436993,1.62140826374831,0,1215.5,6.2277682585218,4.20067659723269,-3.67342956691562,5.58030184287806,41.169215686097,23.8056888420969,3.15721469126308,5.12362670384352,1.22631598091762,0
586.5,1.29037320668623,1.49803329897282,-0.113958036059988,1.5023615406466,4.35021251164471,66.7541903564952,15.4153603327775,2.20012481958437,2.8558312925021,0,977.5,3.7117543819449,1.60472981173777,0.796214687803645,1.79140045711566,-26.3891105472366,62.315786289101,5.3022179166974,3.79719118357534,1.65469290415435,0,1224,6.20682076456063,4.18165213424033,-3.65398871979276,5.55318360367901,41.1474357471164,23.9139930318873,3.16788087588082,5.07093199719006,1.23905927168049,0
595,1.29293392079497,1.49889159454434,-0.113145605180867,1.50315599329125,4.3168527405615,66.7159655601377,15.3840732132104,2.17299818621004,2.89148207626358,0,986,3.6702090793827,1.60467633723761,0.788392891725412,1.78788967752864,-26.1653296169775,62.317862910689,5.36241177423767,3.72232158152404,1.68797487524091,0,1232.5,6.18601401659748,4.16164105335307,-3.63356383148297,5.52467577097651,41.1244843819378,24.0289824898352,3.17854701509253,5.01907830961256,1.25186038543093,0
603.5,1.29544712165365,1.49972384439053,-0.112360973144199,1.50392705864328,4.28465844659869,66.6789425093382,15.3534914292353,2.14655695385857,2.92709927676746,0,994.5,3.63026592417331,1.60438581742494,0.780444523676859,1.7841377485193,-25.940346349898,62.3291473372042,5.42158917308573,3.65034280962625,1.72125897069456,0,1241,6.16531117620987,4.14064163987597,-3.61215092669058,5.49477456380755,41.1003064596357,24.1508463415335,3.18923145280982,4.968018675431,1.26472658773459,0
612,1.29790632796262,1.50053205049253,-0.111605536497048,1.5046767860016,4.25367370266757,66.643028362624,15.3236856335837,2.12076197379514,2.96270179530602,0,1003,3.59181983967621,1.60388177808362,0.772386002735167,1.78017327675985,-25.714205877831,62.3487350292637,5.47979736385698,3.58107660984667,1.75455205004637,0,1249.5,6.14471188368285,4.11863424720724,-3.5897450919717,5.46346207890228,41.0749598699228,24.2798932844809,3.19993401930411,4.91773660158692,1.27765795857225,0
620.5,1.30031269976106,1.50131387498343,-0.110874994114051,1.5054024762626,4.22373867050482,66.6083233268618,15.2946334188145,2.09558855722974,2.99829147544384,0,1011.5,3.55477715233849,1.60320287116569,0.764257900039996,1.77604886866535,-25.487460684589,62.3751377935655,5.53707729884731,3.51436198945971,1.78785945387076,0,1258,6.12417887089139,4.09560987282368,-3.56631463698589,5.43071084853085,41.0482148594425,24.4163880606763,3.21067391306386,4.86818670182145,1.29066235377306,0
629,1.30267677205522,1.50207548451986,-0.110164604124392,1.50610989014662,4.19465332181225,66.5745503675302,15.266200308472,2.07102825445981,3.03384818321489,0,1020,3.51906149406866,1.60237079634164,0.756075317539727,1.77179063513761,-25.2601838095306,62.4075277883928,5.59345250376788,3.45006028830261,1.82118130760864,0,1266.5,6.10370918426441,4.07154046815949,-3.54184585121795,5.39649087997471,41.0201101952739,24.5607284962599,3.2214527218481,4.81935190230115,1.30374071753911,0
637.5,1.30499005373369,1.50281290693166,-0.109480382201061,1.50679546963988,4.16665450773595,66.5418825848211,15.2384814939086,2.04704322154304,3.06939552670676,0,1028.5,3.4845918820812,1.60141180097035,0.747863145021911,1.76743289546426,-25.0326872390281,62.444900143365,5.64896207272414,3.3880329432,1.85452308537623,0,1275,6.08328150893703,4.04643643126475,-3.5163462935865,5.36081514778174,40.9905848189643,24.7131029236864,3.23228183974852,4.77120118348002,1.31689800231747,0
646,1.30726267225765,1.50352937287281,-0.108814195190219,1.50746180852657,4.13942233788934,66.510173864398,15.2113489912143,2.02362642764342,3.10491364480576,0,1037,3.45130635694478,1.60034692260511,0.739639016085264,1.76300202688687,-24.8051605701218,62.4864512734626,5.70362231041933,3.32816427863527,1.88788316355466,0,1283.5,6.06287665226826,4.02025316508815,-3.48977034988106,5.32362025376625,40.9595298461824,24.8740554123306,3.24317182854442,4.72370600098813,1.33013894299629,0
654.5,1.3094775875769,1.50422096068665,-0.108179664292383,1.50810594400244,4.11348159521131,66.4795948291742,15.1849993651326,2.00072969836043,3.1404468641259,0,1045.5,3.41913413475739,1.5991988458585,0.731424219971239,1.75852732084426,-24.5778949336803,62.5313107616186,5.75747086069362,3.27033394046618,1.92126719214611,0,1292,6.04248005602359,3.99296988337506,-3.46210180745109,5.28488007571566,40.9269010198278,25.0440155875844,3.25413103136312,4.67684214862507,1.34346747388658,0
663,1.31166222085078,1.50489359968654,-0.107558616550965,1.50873244890267,4.0881250369396,66.4498805901159,15.1591003661305,1.97837439042349,3.1759334014805,0,1054,3.38801489756039,1.59798204952838,0.723230139171263,1.75402635807465,-24.3510153639079,62.5789257329351,5.81053497885877,3.21443538667968,1.95467774316339,0,1300.5,6.02206547998169,3.96461202369812,-3.43335205228524,5.24462151288184,40.8925467190695,25.2231490502119,3.26517435070655,4.63057707034347,1.35689034254936,0
671.5,1.31379991864416,1.50554413805472,-0.106959653296727,1.5093387688204,4.0636852126624,66.4211679168756,15.1338442214922,1.95651514317819,3.21141665020445,0,1062.5,3.3579021552163,1.59671511734479,0.715073457309114,1.74952256781826,-24.1247608933542,62.628579709505,5.86282406456918,3.16037849902711,1.9881116483718,0,1309,6.00162007248859,3.9351123709748,-3.40346590531743,5.20275787836193,40.8564214153934,25.4122349180154,3.27630976958341,4.58488928379571,1.37041156683677,0
680,1.31590003971851,1.50617681429239,-0.106377631510553,1.50992873884755,4.03995402890734,66.3932674112904,15.1091148570995,1.93514711723311,3.24687733104414,0,1071,3.32873922730166,1.59541725958163,0.706972339497558,1.745040435344,-23.8994213918338,62.6795275025566,5.91437040162408,3.10806650541705,2.02157363628759,0,1317.5,5.98112647836557,3.90448041123428,-3.37244982265508,5.15930083325624,40.8184336687388,25.611602433008,3.28754795671959,4.53975444278221,1.3840363804631,0
688.5,1.31795504100416,1.50678959560322,-0.105809889588867,1.51050012186459,4.01683457055785,66.3662665920959,15.0849958531163,1.91424116340474,3.28233737070208,0,1079.5,3.3004755196734,1.59409420064586,0.698929849944095,1.7405858943688,-23.6750254478049,62.7315499670498,5.96520127023508,3.05741131975303,2.05506706493359,0,1326,5.96056785293206,3.87269583305977,-3.34028122294604,5.11422053335251,40.7784575355466,25.8218058713357,3.29889958036216,4.495149210356,1.3977701324584,0
697,1.31997391922033,1.50738067868033,-0.105270519871467,1.51105208143624,3.99486310196847,66.3402426569159,15.0613765991419,1.89379328439072,3.31777779495138,0,1088,3.27308399480858,1.59276406194701,0.690962584551152,1.73618162940389,-23.4518519051035,62.7839379284835,6.01530582443233,3.00834925993435,2.08858239661863,0,1334.5,5.93992283880962,3.83972150553491,-3.30692483878389,5.06746614487291,40.7363733429003,26.0435554651168,3.31037811011655,4.45104746257746,1.41161948058428,0
705.5,1.32195730934287,1.50795575095354,-0.104737700714465,1.51158874459451,3.9731974277856,66.314943218172,15.0382453180815,1.87378782330668,3.35319998829516,0,1096.5,3.24650713779477,1.59143503692784,0.683077309217641,1.73183719994967,-23.2300247834858,62.8363694901699,6.06473285429263,2.96079082334224,2.12213076913245,0,1343,5.91917052384611,3.80557596801263,-3.27239834031992,5.0190635925483,40.6920950076723,26.2772313154539,3.32199712955284,4.40742406838876,1.42559127728241,0
714,1.3239058351859,1.50851088950465,-0.104230664736592,1.51210751443988,3.95257382286927,66.2905390313999,15.0155905644956,1.85420985320154,3.38860528452636,0,1105,3.22072089021059,1.59010579568211,0.675270045966369,1.72754915311874,-23.0094696280788,62.8888972491938,6.1134736516923,2.91467953865212,2.15570364558335,0,1351.5,5.89829821661314,3.77021073034302,-3.23665114071625,4.96894350520243,40.6454359480327,26.5237163522957,3.33376594110273,4.36426061162644,1.43969067530961,0
722.5,1.3258201095981,1.5090481882416,-0.103731935041783,1.51260925185019,3.93232459541717,66.2669361914304,14.9934012132095,1.83504513439183,3.4239949685281,0,1113.5,3.19568422337058,1.58881742603932,0.667584192685824,1.72337154079154,-22.7910152191913,62.9398937606599,6.16155457476173,2.869945418384,2.18930480939861,0,1360,5.87728517606952,3.73361242612385,-3.19967025527057,4.91708770421778,40.5962609091044,26.7837120158232,3.34569868634186,4.32153321769818,1.4539250286097,0
731,1.32769325702097,1.50956794019085,-0.103257377863125,1.51309532156279,3.91304732952109,66.244120146959,14.9717527426419,1.81626984544592,3.45938976134736,0,1122,3.17136474676591,1.58754117681516,0.659985498245008,1.71926375113808,-22.5740294420454,62.9904921273378,6.20898931044166,2.82652829480028,2.22293380849512,0,1368.5,5.85611448787323,3.69576363090327,-3.16143681181896,4.86347114010471,40.5444012207498,27.0580074883088,3.35780770478812,4.27922140144189,1.46830105707138,0
739.5,1.32954079500642,1.51007646774112,-0.102783610596438,1.51357041759963,3.89384113348368,66.2218120315373,14.9504621352411,1.79789154159083,3.49475213706162,0,1130.5,3.14773539310106,1.58629875891763,0.652496736290158,1.71525384226735,-22.358973752116,63.0398274208023,6.25578421827572,2.7843745184441,2.25658770598526,0,1377,5.83475527617394,3.65667048964238,-3.12195708761671,4.80810306947986,40.489719404165,27.3472822567012,3.37011375641675,4.23729504442552,1.48282931476428,0
748,1.33134863979297,1.51056023119878,-0.102341949238217,1.51402314600973,3.8759225399268,66.2006042093666,14.9296881797199,1.77987786068579,3.5301216145015,0,1139,3.12476560705815,1.58509385236728,0.645119842568933,1.71134512360561,-22.1459090045511,63.0877470445385,6.30195540887242,2.74342897897994,2.29026716394743,0,1385.5,5.81319735271442,3.61629092510881,-3.08118758890051,4.75092380627378,40.4319861163919,27.6526424645968,3.38262615207385,4.1957396988195,1.49751551769225,0
756.5,1.33313176795157,1.51103210772788,-0.101904270825633,1.5144644304166,3.85819526229589,66.1799305842473,14.9092553947929,1.76223630925522,3.56546126883237,0,1147.5,3.10242204039819,1.58392761065752,0.637854491489262,1.70753770913449,-21.9348590468017,63.1341983858013,6.34752785721913,2.70363576505289,2.32397625020198,0,1394,5.79141769166493,3.57461826705024,-3.03912196885949,4.69192477526373,40.3710166005904,27.9750151007088,3.39536200610285,4.15453206001788,1.51236895429146,0
765,1.33487658671614,1.51148644138138,-0.101484404356699,1.51488954937559,3.84119492082156,66.1600377365,14.889316307584,1.74493671466163,3.60080984850961,0,1156,3.08069260080629,1.58281205870924,0.630713828886883,1.70384680859065,-21.7261329800359,63.1786948107715,6.39248571753669,2.66495899723727,2.35770430753092,0,1402.5,5.76939177956735,3.53163729400871,-2.99574258979308,4.63108363568758,40.3065706525626,28.315478537291,3.4083398239878,4.11364832767725,1.52739972080388,0
773.5,1.33659755053667,1.5119263339394,-0.101076229598182,1.51530117252288,3.82468163450796,66.1407885789283,14.8697026201346,1.72798649067443,3.6361310352185,0,1164.5,3.05954329870139,1.58174061741351,0.623687337432693,1.70026153154435,-21.5195375192014,63.2214908684092,6.43686040956713,2.62734503967488,2.39145799744563,0,1411,5.74709944414324,3.4873396588468,-2.95104278862368,4.56839046453492,40.2384351838196,28.675153493098,3.42157608847208,4.07306835162526,1.54261720274653,0
782,1.33828154052511,1.51234966067096,-0.100687131768194,1.51569765937514,3.80893845540388,66.1222748948378,14.8505608699396,1.71135746870219,3.67146281363673,0,1173,3.03895508646894,1.58073176297322,0.616803750615232,1.69680870260776,-21.3157989954313,63.2618400808931,6.48065492542286,2.59075454941938,2.42523372528197,0,1419.5,5.72451422540726,3.44171232616995,-2.90500244211482,4.50382314537363,40.1662833212412,29.0553046051014,3.43509157310154,4.0327680348061,1.5580329076581,0
790.5,1.33994250721293,1.51276260578204,-0.100298602998785,1.5160839393701,3.7932509261374,66.1042252219767,14.8317296091623,1.69505693512073,3.70676947599526,0,1181.5,3.01890330104846,1.57975207885366,0.610000682424176,1.69343363117674,-21.1134181556756,63.301071945773,6.52388629632971,2.55514456288485,2.4590331985309,0,1428,5.70161476246597,3.39476021058971,-2.85763152688647,4.43739279654828,40.0899059097431,29.4571615656556,3.44890462609157,3.99272742469606,1.57365746239436,0
799,1.3415742772207,1.51315876155455,-0.0999302837236099,1.51645491171824,3.77837509338053,66.0869186636205,14.8132763633101,1.67906667987571,3.74207015271405,0,1190,2.99937567812329,1.57883486844173,0.603338332331154,1.69018835786653,-20.9139317424902,63.3378461540424,6.56654680021745,2.52048376312881,2.49284895189324,0,1436.5,5.67838207794124,3.34642774277855,-2.80887025504128,4.36901942628934,40.0088803545551,29.8826114550944,3.46303273994112,3.95292870027235,1.58950129982023,0
807.5,1.34318373787288,1.51354298557163,-0.0995676095583318,1.51681445076392,3.76374889887096,66.0701420133319,14.7951208625557,1.66338543389831,3.77734779873257,0,1198.5,2.98034101846245,1.57797458355592,0.596800973260209,1.68706110975056,-20.7169669727147,63.3723768697549,6.60867199743207,2.48672592278886,2.52668991367291,0,1445,5.65477789783934,3.29676095471909,-2.75876331084944,4.29876817214528,39.9229378671437,30.3328028248019,3.47750587412883,3.91334110577117,1.60558079077582,0
816,1.34475862026887,1.51391019109639,-0.0992302883069584,1.5171587645408,3.75012707121509,66.054116412004,14.7773989549113,1.64798850523146,3.81263903676144,0,1207,2.96179381633569,1.5771677377905,0.590384571556864,1.68404632224282,-20.5224898766453,63.4047968417697,6.65024276357228,2.45384740375782,2.56054443220777,0,1453.5,5.63078483380866,3.24573753564045,-2.70728590935279,4.22660728542948,39.8316542760157,30.809638457186,3.49234204448788,3.87394897406856,1.62190708995858,0
824.5,1.3463119710696,1.51426580427851,-0.0988977215243841,1.51749190618268,3.73671908168084,66.038604132414,14.7599613652783,1.6328829242809,3.84790924918676,0,1215.5,2.94371319976369,1.57641488649333,0.584089106674032,1.68114365206934,-20.3305432397997,63.4350771848177,6.69127543801351,2.42181258721817,2.59441434087053,0,1462,5.60637331388128,3.19336877055864,-2.65445017450016,4.15255461537632,39.7346541181207,31.3148925742473,3.5075675391515,3.83472866886544,1.63849540599663,0
833,1.34783801687578,1.51460802340428,-0.0985779108450875,1.51781259352635,3.72383032488992,66.0236829957081,14.742870791828,1.6180528413875,3.88317683234108,0,1224,2.92607840219221,1.57571515296524,0.577912609158606,1.67835074615194,-20.1411235373369,63.4632470290179,6.73178823120155,2.3905869298956,2.62830237570737,0,1470.5,5.58151970316767,3.13965404146249,-2.60024922145062,4.07660686278752,39.6314216100375,31.8506429942258,3.52320584571549,3.79566113782229,1.65535991729348,0
841.5,1.34934319877446,1.51493856200069,-0.0982678666322855,1.51812233375614,3.71134337169117,66.0092775432,14.7260530563117,1.60349756241766,3.91842523147098,0,1232.5,2.90887834678521,1.57506605951194,0.571852507572116,1.67566356475368,-19.9542246784674,63.4894005848786,6.77177879274758,2.36014470327401,2.66220342272383,0,1479,5.55618233814296,3.08451451643579,-2.5446022053576,3.99865354658464,39.521279834029,32.4200127660776,3.53929282881572,3.7567155768377,1.67252089722177,0
850,1.35081604278079,1.5152545107926,-0.0979768435617855,1.51841881388227,3.69961327515342,65.9955138148325,14.7096341710687,1.58919534444799,3.95368972677307,0,1241,2.89209796075237,1.57447270102109,0.565912084046659,1.67308719830458,-19.7699388696397,63.5133273096112,6.81125526402827,2.33045766378112,2.69611647738979,0,1487.5,5.53033522228956,3.02819146695738,-2.48775601025498,3.91903987312113,39.4041968899255,33.0230109592364,3.55585563446899,3.71787241834593,1.68999486807968,0
858.5,1.35227450354486,1.51556248837985,-0.0976878432042707,1.51870753303394,3.68798325432654,65.9821028606354,14.6934120830263,1.57515958479308,3.98891983252919,0,1249.5,2.87572026330876,1.5739274336952,0.560084141012883,1.67061120897487,-19.588168151801,63.5353307015079,6.85023183741634,2.30149680937076,2.73004302313043,0,1496,5.50394417745095,2.97050239185768,-2.42951490533927,3.83750272121049,39.2790514349475,33.6643391616535,3.57292780703291,3.6791070704886,1.7078016993795,0
867,1.35370163019096,1.51585523359982,-0.0974135111793605,1.51898205433515,3.6769466450992,65.9693602551494,14.6775735149856,1.56136289526062,4.02416717231569,0,1258,2.85973068303228,1.57342982339611,0.554366829760507,1.66823379389432,-19.408899643929,63.5554242795264,6.88871856690017,2.27323583706859,2.76398304334405,0,1504.5,5.47698017164241,2.91149415576026,-2.36992869887676,3.75411244594323,39.14526329537,34.3466257014992,3.59054087926464,3.64039891767525,1.72596065685901,0
875.5,1.3551148200534,1.51613992561045,-0.0971483269823,1.51924918017602,3.66627773188144,65.9569729091706,14.6619236202949,1.54781818395592,4.059382020646,0,1266.5,2.84411917544991,1.57297651207204,0.548756406648097,1.6659497895698,-19.2320904754439,63.5737401242392,6.92671585960485,2.24565272439788,2.79793275198608,0,1513,5.44939956525921,2.85127799898349,-2.3091003926297,3.66902314666042,39.0021965495242,35.0719922910537,3.6087374017593,3.60171815284812,1.74449666535152,0
884,1.3564976484149,1.5164091001076,-0.0968981269008176,1.51950182819437,3.6562137324999,65.9452650296706,14.6466425976128,1.5344996022793,4.09461514219146,0,1275,2.82887786168189,1.57258111714041,0.543266864798561,1.66377590329186,-19.0580811032268,63.5897245045398,6.96421971486031,2.21872773465246,2.83188658484218,0,1521.5,5.42117349751614,2.78980636590919,-2.24698334654292,3.58217164844298,38.848881851282,35.8447816386032,3.62755185824954,3.56304534835106,1.76343119238922,0
892.5,1.35786157091989,1.51667022971227,-0.0966521006009579,1.51974675990641,3.6463294044146,65.9339110381111,14.6316020239403,1.52141352484021,4.12983400278337,0,1283.5,2.81398007761114,1.57221404232161,0.537865727018876,1.66167281231138,-18.8861861673825,63.604571202236,7.00127383221946,2.19242701800634,2.86585836407596,0,1530,5.39225753070988,2.72715330479123,-2.18364304092377,3.4936602694035,38.6844012303231,36.6682723058927,3.64703083967833,3.52435132726136,1.78279198744412,0
901,1.35920684604688,1.51691932867676,-0.0964258603882157,1.51998098549448,3.63722136141816,65.9230837853664,14.6167976590612,1.50855365820963,4.1650393229211,0,1292,2.79943646268648,1.57188998739105,0.53256962539076,1.65965916330706,-18.7168150373651,63.6176836815251,7.03783036568573,2.16674648814743,2.89982484870748,0,1538.5,5.36260551833371,2.66338727332819,-2.11914785732018,3.40358919508675,38.5078250505738,37.5461732514173,3.66722425318814,3.48560644675574,1.80260892994036,0
909.5,1.36052847375952,1.5171595069877,-0.0962020980049377,1.52020650350658,3.62823060194584,65.9126476414788,14.6022830050521,1.49590816246237,4.20024802648113,0,1300.5,2.78521272532034,1.57161270922186,0.52737988057236,1.65773823211633,-18.5500047003232,63.6289076903127,7.07395496322161,2.14164761654774,2.93380911903138,0,1547,5.33218933092118,2.59854625489319,-2.05352713371167,3.31201091902027,38.317906409461,38.4830555976039,3.68817190755937,3.44679336194,1.82290745263683,0
918,1.36183203234329,1.5173871812855,-0.095999748933679,1.52042093175702,3.62007758804338,65.9027578678251,14.5879953263769,1.48347715941535,4.23544458861493,0,1309,2.77131126314025,1.57136875047588,0.522282624561222,1.65589217338893,-18.3854820813051,63.6387862299765,7.10962214926566,2.11712090385046,2.96779711340633,0,1555.5,5.30095085708466,2.53267417273202,-1.98682048040461,3.21898960647266,38.1133102097717,39.4839577378914,3.70993662033673,3.40787583226272,1.84372483518795,0
926.5,1.36311776883704,1.51760848064047,-0.0957937388536683,1.52062879787128,3.6118043367747,65.8931478544434,14.5739306617031,1.47125501223642,4.2706296698549,0,1317.5,2.75772216993081,1.57115937183966,0.517279336360416,1.65412202800914,-18.2233107349614,63.6472669751577,7.1448381641433,2.09314775706323,3.0017877552969,0,1564,5.26884364115695,2.46586602351612,-1.91911875295946,3.12466190713361,37.8926848054178,40.5537036669203,3.73257612626447,3.36882585751723,1.86509649739218,0
935,1.36438090449399,1.51781540933917,-0.0956182053457151,1.52082426927669,3.60471328468331,65.8841644278327,14.5601399121602,1.45923091389732,4.30581976254769,0,1326,2.74443337000906,1.5709818083873,0.512366613262792,1.65242348950571,-18.063436733005,63.6544608385092,7.17961590449903,2.0697084238379,3.03578283530805,0,1572.5,5.23582802271128,2.39821906293925,-1.85050717806596,3.02916349672956,37.6543970200415,41.6976086735965,3.7561463423486,3.32962036420431,1.88705756810239,0
943.5,1.36561936953264,1.51801787864076,-0.0954225939343878,1.52101405361889,3.59687976275,65.8753769682477,14.5466441170081,1.44739731799962,4.34102317935982,0,1334.5,2.7314408050957,1.57083339789046,0.507540840727203,1.65079231550616,-17.9057956704891,63.6604748373023,7.21394814957616,2.04678966286677,3.06977576698294,0,1581,5.20184747498038,2.32978008427595,-1.78103461142456,2.93256875932707,37.3966355991544,42.9225061519392,3.78071855008926,3.29022610688196,1.90965152639128,0
952,1.36685299681723,1.51820767966706,-0.0952642251444004,1.52119355480899,3.59047805783583,65.8671414584925,14.533226170754,1.43576995463995,4.37617829156707,0,1343,2.71872499170626,1.57070935882059,0.502796005886877,1.6492215477074,-17.7502639083923,63.665502111153,7.2478693808716,2.02436708243206,3.10377765065761,0,1589.5,5.16685827050999,2.26074026716133,-1.71086500810129,2.83513767417212,37.1174172226301,44.2332989121141,3.80635862399525,3.25061860365523,1.93291987565515,0
960.5,1.36805963850497,1.51838305272448,-0.0951286152863096,1.52136009815139,3.58496727670526,65.8595338116865,14.5201259386298,1.42432028995833,4.41135701813489,0,1351.5,2.70628135030619,1.5706119126856,0.498134211871568,1.64771340751564,-17.5969097186413,63.6694521366577,7.28137566733001,2.00242793215404,3.13778349087484,0,1598,5.13079263769536,2.19112971530361,-1.64003853829051,2.73692817522941,36.8144844748686,45.6385577273519,3.83315432574817,3.2107588471185,1.95691598352783,0
969,1.36924271297225,1.51856414599575,-0.0949575208466704,1.52153014964185,3.57811062884501,65.8516798672528,14.5073047386419,1.41304717540996,4.44655027554666,0,1360,2.6941064137876,1.57053717544971,0.493551531236066,1.6462624740469,-17.4456655381247,63.6724819782543,7.31446045068309,1.98096059837323,3.17178711799687,0,1606.5,5.09360586783104,2.1211336929133,-1.56872193158685,2.63819950759103,36.4854324401977,47.1446002362321,3.86118123251291,3.17062301141054,1.98168791577158,0
977.5,1.37042116605489,1.5187275385537,-0.0948113420069063,1.52168410878688,3.57223335079962,65.8445952031865,14.494556364902,1.40196538726843,4.48169788230055,0,1368.5,2.68218753140266,1.5704815686459,0.489043281223,1.64486342544475,-17.296432926783,63.6747364607546,7.34714277405116,1.95994704523395,3.20579340266287,0,1615,5.05523869528627,2.05085936979412,-1.49701398735146,2.53910910222429,36.127378212122,48.7600473600678,3.89053095385792,3.13017875869119,2.00729280707494,0
986,1.37157660247576,1.51888551847915,-0.094679298792102,1.52183356115754,3.56690110208387,65.8377466789792,14.482078962019,1.39105132096933,4.51686088964802,0,1377,2.67051931801289,1.57044594341862,0.484610311411444,1.64351684357852,-17.1492496280696,63.6761809084084,7.37942269912432,1.93937495861502,3.23979913181236,0,1623.5,5.01563243966137,1.98046047195549,-1.42505637271374,2.4398789614221,35.7372089368693,50.4933077009414,3.92130064273757,3.08939478882745,2.03379164420883,0
994.5,1.37270947177903,1.51903242656101,-0.0945635693524235,1.521972989771,3.56220875094623,65.8313794040551,14.4698663316442,1.38030112798294,4.55203953673596,0,1385.5,2.65908993836593,1.57042175002855,0.480241998579005,1.64221096396349,-17.0038665518798,63.6771618822663,7.41131886096139,1.91922767114105,3.2738092523666,0,1632,4.97472922499709,1.9101081823722,-1.35300688589461,2.34075648063686,35.3114848900827,52.3530556660976,3.95359341760479,3.04824094668939,2.06124955902963,0
1003,1.37383791581159,1.51917441622205,-0.094447651808474,1.52210750797561,3.5575216805483,65.8252264731292,14.4577220962532,1.36972872962272,4.58717494296131,0,1394,2.64789450383363,1.57041157758802,0.475941512420024,1.64094876405912,-16.8603775181619,63.6775743551186,7.44283137317419,1.89949390518912,3.30782072530737,0,1640.5,4.93246611695819,1.83996574347658,-1.28101549410816,2.24198006978485,34.846293106352,54.3488379359998,3.98752376419897,3.00668461868832,2.08973873352924,0
1011.5,1.37494431992164,1.51930921388022,-0.0943302802471145,1.52223476808041,3.55279759070806,65.8193862621332,14.4458350495432,1.35931222928486,4.62232677071196,0,1402.5,2.6369282258519,1.57041103503806,0.471701369386429,1.63972345255239,-16.7185911103761,63.6775963546236,7.47396050828429,1.88016272788015,3.34183058413448,0,1649,4.88879377539084,1.77022356631872,-1.20925768106235,2.14382732839155,34.3373793126924,56.4900399602949,4.02320332206443,2.9647021075748,2.11933107583594,0
1020,1.37602911457641,1.51943055932262,-0.0942606526246795,1.52235156755484,3.54989908718106,65.8141297648911,14.43419934635,1.3490481515455,4.65749521244398,0,1411,2.62618641387262,1.57041796817935,0.467527133614752,1.63853416670101,-16.5787277753615,63.6773152283364,7.50470669372351,1.86122353924353,3.37583593517913,0,1657.5,4.84365931089179,1.70108826792416,-1.13792310232226,2.04659968779142,33.7800805791423,58.7858971727727,4.06075517106058,2.92226806086986,2.15010573167929,0
1028.5,1.37710119679383,1.51954875064143,-0.0941706423856275,1.52246396195879,3.54624277054664,65.8090107064929,14.4227186059794,1.33894136781121,4.69265156655129,0,1419.5,2.61565843108805,1.57043013220669,0.463406904181406,1.63737495980173,-16.4404228633401,63.6768220051183,7.53508801512676,1.84266180421842,3.40984183467386,0,1666,4.79699869247334,1.63274443196159,-1.06718105920089,1.9505716580579,33.1691052409717,61.2465723615172,4.10032155787381,2.87935095586635,2.18215334062641,0
1037,1.37816071554775,1.51965755665883,-0.0941045700125902,1.52256847452177,3.5435079013814,65.8042988447101,14.4113905346031,1.32898815385511,4.7277963230548,0,1428,2.60533409897047,1.57044295805706,0.459339021838946,1.63624063679368,-16.303675613522,63.6763019547804,7.56512220161679,1.82446365474122,3.44385337074351,0,1674.5,4.74877541021767,1.56541783395717,-0.997237903729002,1.85607554574295,32.498874145513,63.8807082880953,4.14203218433417,2.83593634530766,2.21555935752075,0
1045.5,1.37920781806628,1.51976118482504,-0.094039278284169,1.52266787079817,3.54081475888363,65.7998118378792,14.4002128780873,1.31918490489362,4.76292996066859,0,1436.5,2.5952152855891,1.5704593739878,0.4553258942503,1.63513434167379,-16.1685471449935,63.6756363496845,7.59479245012174,1.80662393706168,3.47786010042503,0,1683,4.69894277409212,1.49932053465966,-0.928287232512498,1.76342826667201,31.7632489817701,66.696878811641,4.18603665300797,2.79200402501017,2.25042129269735,0
1054,1.38024264985217,1.51985896820285,-0.0939884198274261,1.52276232757718,3.53867757388735,65.795578466234,14.3891834211636,1.30952813078954,4.79805294704997,0,1445,2.58529220800408,1.57047058689809,0.451358076498234,1.63404466815697,-16.0348137799512,63.675181715765,7.62411634014531,1.78912955571217,3.51186714629984,0,1691.5,4.6474675913873,1.43467705386344,-0.860533332501656,1.67296618771232,30.9557421644551,69.7020975770888,4.23248509726703,2.74754217640396,2.28683852831812,0
1062.5,1.38125727007975,1.51995613969866,-0.0938947835343363,1.52285353760059,3.53493566749997,65.7913721246097,14.3783859564009,1.300006842428,4.83319402799805,0,1453.5,2.57555549821995,1.57047946067197,0.447436999475865,1.63297446547473,-15.9025023804943,63.6748219280833,7.65311109783423,1.77196800703127,3.54587965597998,0,1700,4.594331443519,1.37172492165255,-0.794192105750796,1.58504585470565,30.0696956321987,72.9009136026543,4.28152707365071,2.70254790795235,2.32491172078433,0
1071,1.382252073506,1.52002985193628,-0.0939080127453013,1.52292792529233,3.53526144330684,65.7881816417063,14.3678152749888,1.29061818254528,4.86835331483417,0,1462,2.56600713291571,1.57048028446208,0.443558028752568,1.63191667947691,-15.7715176487557,63.6747885276714,7.68176062229656,1.75513483783565,3.5798875230166,0,NaN,NaN,NaN,NaN,NaN,NaN,NaN,NaN,NaN,NaN,NaN
1079.5,1.38324299098137,1.52010791553572,-0.0938764176884129,1.52300389253356,3.53389400182092,65.7848031563981,14.3573014963646,1.28137377580488,4.90347580528006,0,1470.5,2.55664346880283,1.57047090910568,0.439719974670872,1.63086864353687,-15.6418445500729,63.6751686517682,7.71006568207336,1.73862187609849,3.61388832934693,0,NaN,NaN,NaN,NaN,NaN,NaN,NaN,NaN,NaN,NaN,NaN
1088,1.3842145545998,1.52017596322325,-0.0938734778275853,1.52307162963571,3.53362583176509,65.7818584290521,14.3470081582527,1.27225602444834,4.93861706011887,0,1479,2.54744513188443,1.57045450934664,0.435920014295999,1.6298323916253,-15.5133617711256,63.6758335913869,7.73807544789783,1.72241050161219,3.64790234459118,0,NaN,NaN,NaN,NaN,NaN,NaN,NaN,NaN,NaN,NaN,NaN
1096.5,1.38517473270707,1.52024190312177,-0.0938513813767339,1.52313608249349,3.53264332885279,65.7790051666468,14.3368500956006,1.26326925007485,4.97374990074943,0,1487.5,2.5384247252958,1.57042452361092,0.432156765654534,1.62880098675669,-15.3860880660799,63.6770494197756,7.76574236889683,1.70650401700558,3.68190478578817,0,NaN,NaN,NaN,NaN,NaN,NaN,NaN,NaN,NaN,NaN,NaN
1105,1.38612365872715,1.52030124904886,-0.0938471505639887,1.52319505498426,3.53234693720397,65.7764374413048,14.3268253507399,1.2544105508843,5.00887472825403,0,1496,2.529563585261,1.57037410778185,0.428420536428519,1.62776503047133,-15.2597604880773,63.6790937296145,7.79311471363211,1.69088474950602,3.71591577073197,0,NaN,NaN,NaN,NaN,NaN,NaN,NaN,NaN,NaN,NaN,NaN
1113.5,1.38706146452043,1.52035424642983,-0.0938534652168049,1.52324834074107,3.53246118582591,65.7741445684944,14.3169319987865,1.245677112277,5.04399193439016,0,1504.5,2.52086139192558,1.57030670253355,0.424714429128964,1.62672846115513,-15.1344529925582,63.6818271479444,7.82018511468222,1.67554761842843,3.74992941893997,0,NaN,NaN,NaN,NaN,NaN,NaN,NaN,NaN,NaN,NaN,NaN
1122,1.38798095379432,1.5204003674032,-0.0938616029635949,1.52329487549545,3.53265980483804,65.7721493259023,14.3072452787868,1.23705967361347,5.07912871238159,0,1513,2.51231529418311,1.570207760041,0.421023320017399,1.62567310542171,-15.0097847179434,63.6858398899956,7.84695418572159,1.6604859842585,3.78394359647991,0,NaN,NaN,NaN,NaN,NaN,NaN,NaN,NaN,NaN,NaN,NaN
1130.5,1.38888966780327,1.52044123037706,-0.0939021841182874,1.52333816180541,3.53408854028382,65.7703816511216,14.2976850858232,1.22856228907852,5.11425864446178,0,1521.5,2.50392345350488,1.57011104436275,0.417382919204636,1.62464063499399,-14.8866631991157,63.6897628094746,7.87341958183977,1.64569402136371,3.81795475077014,0,NaN,NaN,NaN,NaN,NaN,NaN,NaN,NaN,NaN,NaN,NaN
1139,1.38978773281993,1.52047765974681,-0.093931699749402,1.52337634155416,3.53511208387533,65.7688058479281,14.2882496079796,1.22018238175587,5.14938209330474,0,1530,2.49567628815996,1.56997461638876,0.413749183649749,1.62357897346445,-14.7639702377469,63.6952973354556,7.89960378448028,1.63116097265357,3.85197133361898,0,NaN,NaN,NaN,NaN,NaN,NaN,NaN,NaN,NaN,NaN,NaN
1147.5,1.39067527363718,1.52050882247106,-0.0939724666619972,1.52340995917148,3.53657015080757,65.7674579207537,14.2789370632163,1.21191744979275,5.18449941310283,0,1538.5,2.48757130394557,1.56981581759231,0.410137668266073,1.6225087389884,-14.6420761393457,63.7017405986991,7.92550736066741,1.61688092554149,3.8859913602329,0,NaN,NaN,NaN,NaN,NaN,NaN,NaN,NaN,NaN,NaN,NaN
1156,1.39154547967284,1.52053350420675,-0.0940250585717728,1.52343783892048,3.53848708019674,65.7663903645247,14.2698183108812,1.20375906546094,5.2196369584753,0,1547,2.47960604965905,1.56962283965672,0.406539112645973,1.62141601968249,-14.5207678252447,63.7095724358026,7.95113094905501,1.60284812518361,3.9200128873469,0,NaN,NaN,NaN,NaN,NaN,NaN,NaN,NaN,NaN,NaN,NaN
1164.5,1.39241228646618,1.52055516988738,-0.0940810966359622,1.52346292288833,3.54054030278745,65.7654532899366,14.2607468759895,1.19571686257293,5.2547434128005,0,1555.5,2.47177238137334,1.56939818388275,0.402954080577832,1.62030325884657,-14.4000381861203,63.7186923159271,7.97649388552951,1.58905328278582,3.9540431873778,0,NaN,NaN,NaN,NaN,NaN,NaN,NaN,NaN,NaN,NaN,NaN
1173,1.39326216343933,1.52057051949198,-0.0941492509560669,1.52348245352669,3.54306293794855,65.7647894116805,14.2518639302235,1.18777678042568,5.28987046280511,0,1564,2.46407376552887,1.56912626902802,0.399372310949394,1.61915270771686,-14.2796674969856,63.7297341672473,8.00157823126043,1.57549473499288,3.9880712817539,0,NaN,NaN,NaN,NaN,NaN,NaN,NaN,NaN,NaN,NaN,NaN
1181.5,1.3941020809167,1.52058100424391,-0.0942337666825649,1.52349814350087,3.54621096566089,65.7643359484973,14.2430960653884,1.17994251452958,5.32499272617917,0,1572.5,2.45649332343762,1.56882485148026,0.39580416563256,1.61798403952392,-14.1598495167056,63.7419785297545,8.02643268112776,1.56215791633553,4.02211917340504,0,NaN,NaN,NaN,NaN,NaN,NaN,NaN,NaN,NaN,NaN,NaN
1190,1.39493215561114,1.52058740803338,-0.0943114701250343,1.52350934321613,3.54911272662192,65.7640589891065,14.2344416567277,1.17221189547154,5.36011051538772,0,1581,2.44904032752902,1.56850823523962,0.392256304079372,1.61681263358019,-14.0406868445491,63.7548453704633,8.05102076549077,1.54904511545163,4.05616676009318,0,NaN,NaN,NaN,NaN,NaN,NaN,NaN,NaN,NaN,NaN,NaN
1198.5,1.3957460179092,1.52058837363892,-0.0943995120832373,1.52351575965836,3.55241517560426,65.7640172275487,14.2259665951164,1.16457740334518,5.39524920295681,0,1589.5,2.44171263511414,1.5681365094046,0.388706866476253,1.61559436127186,-13.921767855278,63.7699584189699,8.0753432704327,1.53615139044614,4.09021229694996,0,NaN,NaN,NaN,NaN,NaN,NaN,NaN,NaN,NaN,NaN,NaN
1207,1.39655670105765,1.5205858924799,-0.0945019629418075,1.5235196347303,3.55626647565803,65.764124535518,14.2175347747202,1.15704780535017,5.43035929727903,0,1598,2.43449628927541,1.56771553519969,0.385152394338822,1.61433403178257,-13.8029133887176,63.7870823849827,8.09944073017281,1.52346451143643,4.12427415276997,0,NaN,NaN,NaN,NaN,NaN,NaN,NaN,NaN,NaN,NaN,NaN
1215.5,1.39735155055087,1.52057779757694,-0.0946130160145036,1.5235184479629,3.56045374950788,65.7644746354652,14.2092774418155,1.14961048996369,5.46549058314354,0,1606.5,2.4273895980668,1.56724773628209,0.381596314094659,1.61303478381961,-13.6842116718201,63.8061218306337,8.12331347230544,1.51098014196502,4.15835068421769,0,NaN,NaN,NaN,NaN,NaN,NaN,NaN,NaN,NaN,NaN,NaN
1224,1.39813708540158,1.52056568558846,-0.0947309959962197,1.52351369071352,3.56491042358526,65.7649984790364,14.2011263943699,1.14226886062221,5.50061857044501,0,1615,2.42039339369808,1.56672999392817,0.378035963605599,1.61169291853422,-13.5655879669769,63.8272072326107,8.14695340355249,1.49869559981305,4.19243594760894,0,NaN,NaN,NaN,NaN,NaN,NaN,NaN,NaN,NaN,NaN,NaN
1232.5,1.39891341476577,1.5205499628072,-0.0948146266370779,1.52350320078998,3.56808627840676,65.7656785018643,14.1930801486939,1.13502102617912,5.53574353448851,0,1623.5,2.41350595844416,1.5661606880338,0.37447027755909,1.61030658246114,-13.4470090780957,63.8504086866991,8.17036105748215,1.48660668829329,4.22652834583507,0,NaN,NaN,NaN,NaN,NaN,NaN,NaN,NaN,NaN,NaN,NaN
1241,1.39968064652021,1.52053005175319,-0.094987096008435,1.52349407176158,3.57460655990621,65.7665396910103,14.1851372446386,1.12786514626931,5.57086574397902,0,1632,2.40671591582937,1.56554865074583,0.370905160375543,1.60888570627168,-13.3285968719649,63.8753704347415,8.19357021378466,1.47470337979741,4.26064345769843,0,NaN,NaN,NaN,NaN,NaN,NaN,NaN,NaN,NaN,NaN,NaN
1249.5,1.40043888727754,1.52050649304191,-0.0951287836577217,1.52347939955314,3.57998009415106,65.7675586770701,14.1772962451547,1.12079942959387,5.60598546115994,0,1640.5,2.40003143715836,1.5648523482494,0.367306337308263,1.60738197614894,-13.2094925698725,63.9037926561378,8.21654815131376,1.46298777028854,4.29476270053875,0,NaN,NaN,NaN,NaN,NaN,NaN,NaN,NaN,NaN,NaN,NaN
1258,1.40118824240099,1.52047930105768,-0.0952749895481345,1.52346139714081,3.58553187061551,65.7687348525152,14.1695557358592,1.11382213227424,5.64110294194854,0,1649,2.39344148119355,1.56410702502881,0.363703182452976,1.60583647693995,-13.090411318357,63.9342438847226,8.23932811736583,1.4514502614879,4.32890156410775,0,NaN,NaN,NaN,NaN,NaN,NaN,NaN,NaN,NaN,NaN,NaN
1266.5,1.40192296168218,1.52044672423657,-0.0954343916126382,1.5234388613739,3.59159179024958,65.7701440017313,14.1619746983608,1.10692693381933,5.67624213957839,0,1657.5,2.38695397845039,1.56330113880451,0.360087774445169,1.60423615963871,-12.9711602022519,63.9672021709599,8.26187808255154,1.44009289800928,4.36304165923266,0,NaN,NaN,NaN,NaN,NaN,NaN,NaN,NaN,NaN,NaN,NaN
1275,1.40265481096619,1.520412349517,-0.0955971293092373,1.52341475760739,3.59778133840032,65.7716309866647,14.1544314210305,1.10012142036564,5.71135621110923,0,1666,2.38054908999997,1.56243544446234,0.356456283238307,1.60258091838518,-12.8515864536893,64.0026443040735,8.28426273169455,1.42890101440574,4.39721523312982,0,NaN,NaN,NaN,NaN,NaN,NaN,NaN,NaN,NaN,NaN,NaN
1283.5,1.40337236631886,1.52037279124319,-0.0957694710037893,1.52338610205323,3.60434383708411,65.7733422855006,14.1470433546622,1.093394909481,5.74649218932437,0,1674.5,2.37422576380091,1.5614789598672,0.352786037890102,1.60083557264266,-12.7311291605095,64.0418491508236,8.30648206139986,1.41787146240723,4.43142095300524,0,NaN,NaN,NaN,NaN,NaN,NaN,NaN,NaN,NaN,NaN,NaN
1292,1.40408711872094,1.52033158360025,-0.0959465725363959,1.52335612017477,3.61108915905141,65.7751250310757,14.1396918933934,1.08675473585212,5.78160379697169,0,1683,2.36800074556385,1.56046507129782,0.34910540075493,1.59903903003547,-12.6104951389474,64.0834593733206,8.32847310121183,1.40701173236117,4.46562396223625,0,NaN,NaN,NaN,NaN,NaN,NaN,NaN,NaN,NaN,NaN,NaN
1300.5,1.40478791111516,1.5202853572951,-0.0961363349278976,1.52332194972017,3.61832191382111,65.7771250115309,14.1324915087749,1.08019062753953,5.81673747854253,0,1691.5,2.36184624511151,1.55935802142408,0.345383758979439,1.5971497675379,-12.4888768600083,64.1289547532359,8.35033020747304,1.39630283482797,4.49987291471316,0,NaN,NaN,NaN,NaN,NaN,NaN,NaN,NaN,NaN,NaN,NaN
1309,1.40548049109852,1.52023587207153,-0.0963319014460432,1.52328491818481,3.6257806197676,65.7792661238391,14.1253827818715,1.07370549358176,5.85187031708258,0,1700,2.35577877314213,1.55817798612815,0.341638657919158,1.59519140200766,-12.3667094608628,64.1775207262978,8.37199124094821,1.38575221949537,4.53413331675387,0,NaN,NaN,NaN,NaN,NaN,NaN,NaN,NaN,NaN,NaN,NaN
1317.5,1.40616495491019,1.52018325611957,-0.0965357910162466,1.52324531548055,3.63355958705351,65.7815428484987,14.1183644580317,1.06729787848971,5.88700252648366,0,NaN,NaN,NaN,NaN,NaN,NaN,NaN,NaN,NaN,NaN,NaN,NaN,NaN,NaN,NaN,NaN,NaN,NaN,NaN,NaN,NaN,NaN
1326,1.40684139766158,1.52012731469131,-0.0967395704731791,1.52320241509982,3.64134276957973,65.7839636414316,14.1114353019157,1.06096636324402,5.9221343153312,0,NaN,NaN,NaN,NaN,NaN,NaN,NaN,NaN,NaN,NaN,NaN,NaN,NaN,NaN,NaN,NaN,NaN,NaN,NaN,NaN,NaN,NaN
1334.5,1.40750991334947,1.52006872131841,-0.09696255835522,1.52315811892705,3.64985382706339,65.7864993848871,14.104594097147,1.05470956414347,5.95726588701425,0,NaN,NaN,NaN,NaN,NaN,NaN,NaN,NaN,NaN,NaN,NaN,NaN,NaN,NaN,NaN,NaN,NaN,NaN,NaN,NaN,NaN,NaN
1343,1.40817059486914,1.52000706512083,-0.0971885263407122,1.52311098993787,3.65848460691633,65.7891678891971,14.097839645971,1.04852613169705,5.99239743983317,0,NaN,NaN,NaN,NaN,NaN,NaN,NaN,NaN,NaN,NaN,NaN,NaN,NaN,NaN,NaN,NaN,NaN,NaN,NaN,NaN,NaN,NaN
1351.5,1.40881837245288,1.5199405844724,-0.0974232750590389,1.5230596425779,3.66745717364478,65.7920454401921,14.0912234623132,1.04241093041278,6.02755125053371,0,NaN,NaN,NaN,NaN,NaN,NaN,NaN,NaN,NaN,NaN,NaN,NaN,NaN,NaN,NaN,NaN,NaN,NaN,NaN,NaN,NaN,NaN
1360,1.40946361965543,1.51987314589091,-0.0976639426061143,1.52300775614759,3.67665486494892,65.7949647115992,14.0846393594089,1.03637030857017,6.06268363269514,0,NaN,NaN,NaN,NaN,NaN,NaN,NaN,NaN,NaN,NaN,NaN,NaN,NaN,NaN,NaN,NaN,NaN,NaN,NaN,NaN,NaN,NaN
1368.5,1.41010130536733,1.51980275545502,-0.0979208436432405,1.52295400689203,3.68646978648892,65.7980120387797,14.0781385203327,1.03039920012227,6.09781656122596,0,NaN,NaN,NaN,NaN,NaN,NaN,NaN,NaN,NaN,NaN,NaN,NaN,NaN,NaN,NaN,NaN,NaN,NaN,NaN,NaN,NaN,NaN
1377,1.41072404532036,1.51972926396201,-0.0981978739010126,1.52289850554171,3.6970486652731,65.8011939174581,14.0717958950586,1.02449095520723,6.13298270252531,0,NaN,NaN,NaN,NaN,NaN,NaN,NaN,NaN,NaN,NaN,NaN,NaN,NaN,NaN,NaN,NaN,NaN,NaN,NaN,NaN,NaN,NaN
1385.5,1.41135165042927,1.51965129257776,-0.0984121747079826,1.52283453046088,3.70528399435112,65.8045700934267,14.0654095588044,1.01865871557508,6.16809654804991,0,NaN,NaN,NaN,NaN,NaN,NaN,NaN,NaN,NaN,NaN,NaN,NaN,NaN,NaN,NaN,NaN,NaN,NaN,NaN,NaN,NaN,NaN
1394,1.41196454604344,1.51957386266017,-0.0986954646103443,1.52277559699865,3.7161090212886,65.8079231666565,14.0591785534994,1.01288704881165,6.20324380151886,0,NaN,NaN,NaN,NaN,NaN,NaN,NaN,NaN,NaN,NaN,NaN,NaN,NaN,NaN,NaN,NaN,NaN,NaN,NaN,NaN,NaN,NaN
1402.5,1.41257265341062,1.51949251687154,-0.0989659155715976,1.52271197580945,3.72646238830683,65.8114461832878,14.0530017393082,1.00718192756551,6.2383817016722,0,NaN,NaN,NaN,NaN,NaN,NaN,NaN,NaN,NaN,NaN,NaN,NaN,NaN,NaN,NaN,NaN,NaN,NaN,NaN,NaN,NaN,NaN
1411,1.41316650826139,1.51940681716331,-0.0992582787557471,1.52264548793995,3.73765008204431,65.8151581725143,14.0469749853864,1.00153544171608,6.27355263275923,0,NaN,NaN,NaN,NaN,NaN,NaN,NaN,NaN,NaN,NaN,NaN,NaN,NaN,NaN,NaN,NaN,NaN,NaN,NaN,NaN,NaN,NaN
1419.5,1.41375572362113,1.51931911655129,-0.0995504045929282,1.52257704598907,3.74883476304361,65.8189572622441,14.0410004759897,0.995953310053633,6.30871471960993,0,NaN,NaN,NaN,NaN,NaN,NaN,NaN,NaN,NaN,NaN,NaN,NaN,NaN,NaN,NaN,NaN,NaN,NaN,NaN,NaN,NaN,NaN
1428,1.41434033573588,1.51922987795485,-0.0998501423022728,1.5225076265781,3.7603100819472,65.8228234259173,14.0350777160216,0.990434408778626,6.34386815672915,0,NaN,NaN,NaN,NaN,NaN,NaN,NaN,NaN,NaN,NaN,NaN,NaN,NaN,NaN,NaN,NaN,NaN,NaN,NaN,NaN,NaN,NaN
1436.5,1.41492038056848,1.5191391398113,-0.100151712847645,1.52243689251573,3.77185898729132,65.8267550215454,14.0292062157719,0.984977640493197,6.37901313580426,0,NaN,NaN,NaN,NaN,NaN,NaN,NaN,NaN,NaN,NaN,NaN,NaN,NaN,NaN,NaN,NaN,NaN,NaN,NaN,NaN,NaN,NaN
1445,1.41549589380082,1.5190463302532,-0.100455719801088,1.52236431418254,3.78350560647778,65.8307768554574,14.0233854908468,0.979581933426175,6.41414984574449,0,NaN,NaN,NaN,NaN,NaN,NaN,NaN,NaN,NaN,NaN,NaN,NaN,NaN,NaN,NaN,NaN,NaN,NaN,NaN,NaN,NaN,NaN
1453.5,1.41605791844178,1.51894950669,-0.100779931975755,1.52228913106638,3.7959221501523,65.8349731571483,14.0177058978023,0.974240053967516,6.4493194275803,0,NaN,NaN,NaN,NaN,NaN,NaN,NaN,NaN,NaN,NaN,NaN,NaN,NaN,NaN,NaN,NaN,NaN,NaN,NaN,NaN,NaN,NaN
1462,1.41661555226524,1.51885100822634,-0.101105960808443,1.52221246890871,3.80841233468193,65.8392425974531,14.0120752692673,0.968957286091135,6.48448120198007,0,NaN,NaN,NaN,NaN,NaN,NaN,NaN,NaN,NaN,NaN,NaN,NaN,NaN,NaN,NaN,NaN,NaN,NaN,NaN,NaN,NaN,NaN
1470.5,1.41716882957445,1.51875095522304,-0.101435623510907,1.52213457017044,3.8210441572112,65.8435799866305,14.006493145664,0.963732628068309,6.51963534717457,0,NaN,NaN,NaN,NaN,NaN,NaN,NaN,NaN,NaN,NaN,NaN,NaN,NaN,NaN,NaN,NaN,NaN,NaN,NaN,NaN,NaN,NaN
1479,1.41770913944672,1.51864530395292,-0.101778458033525,1.52205204041713,3.83418608974196,65.848160686177,14.0010461888562,0.958559255880137,6.55482200879741,0,NaN,NaN,NaN,NaN,NaN,NaN,NaN,NaN,NaN,NaN,NaN,NaN,NaN,NaN,NaN,NaN,NaN,NaN,NaN,NaN,NaN,NaN
1487.5,1.41825367048987,1.51854373768948,-0.102119456510168,1.52197354335543,3.84725016479954,65.8525648738663,13.9955610071806,0.953447845707478,6.58996224645862,0,NaN,NaN,NaN,NaN,NaN,NaN,NaN,NaN,NaN,NaN,NaN,NaN,NaN,NaN,NaN,NaN,NaN,NaN,NaN,NaN,NaN,NaN
1496,1.4187854390867,1.51843696337332,-0.102473426324144,1.52189080253512,3.86081602101576,65.8571955320705,13.9902085741916,0.948385988694319,6.62513510541199,0,NaN,NaN,NaN,NaN,NaN,NaN,NaN,NaN,NaN,NaN,NaN,NaN,NaN,NaN,NaN,NaN,NaN,NaN,NaN,NaN,NaN,NaN
1504.5,1.41930474435704,1.51832483078741,-0.102839317675178,1.52180360659499,3.87484480201828,65.8620592723492,13.9849855798185,0.943373043773374,6.66034009414519,0,NaN,NaN,NaN,NaN,NaN,NaN,NaN,NaN,NaN,NaN,NaN,NaN,NaN,NaN,NaN,NaN,NaN,NaN,NaN,NaN,NaN,NaN
1513,1.4198281066998,1.51821590725524,-0.103204485386458,1.52171965448525,3.88883981146749,65.8667845081328,13.9797257661707,0.938419105551755,6.69550019816073,0,NaN,NaN,NaN,NaN,NaN,NaN,NaN,NaN,NaN,NaN,NaN,NaN,NaN,NaN,NaN,NaN,NaN,NaN,NaN,NaN,NaN,NaN
1521.5,1.42033920273766,1.51810159511057,-0.103578718880484,1.52163103414795,3.90319074796201,65.8717442377213,13.9745930863233,0.933512456613644,6.73069251798964,0,NaN,NaN,NaN,NaN,NaN,NaN,NaN,NaN,NaN,NaN,NaN,NaN,NaN,NaN,NaN,NaN,NaN,NaN,NaN,NaN,NaN,NaN
1530,1.42084630583772,1.51798596566361,-0.103957905108752,1.5215415334411,3.91773281067467,65.8767618818422,13.9695042679172,0.928657716233804,6.76587853343987,0,NaN,NaN,NaN,NaN,NaN,NaN,NaN,NaN,NaN,NaN,NaN,NaN,NaN,NaN,NaN,NaN,NaN,NaN,NaN,NaN,NaN,NaN
1538.5,1.42134944719481,1.51787030888889,-0.104344999345095,1.52145264582727,3.93257375736144,65.8817814765754,13.964458905597,0.923854044325519,6.80105839853391,0,NaN,NaN,NaN,NaN,NaN,NaN,NaN,NaN,NaN,NaN,NaN,NaN,NaN,NaN,NaN,NaN,NaN,NaN,NaN,NaN,NaN,NaN
1547,1.42184865776005,1.51775310374033,-0.104735361978444,1.52136254060699,3.94754325011634,65.8868690523917,13.9594565982517,0.919100619107982,6.83623226505671,0,NaN,NaN,NaN,NaN,NaN,NaN,NaN,NaN,NaN,NaN,NaN,NaN,NaN,NaN,NaN,NaN,NaN,NaN,NaN,NaN,NaN,NaN
1555.5,1.42233616807766,1.51763986389281,-0.105161553197674,1.52127897137492,3.96385037754306,65.891785251012,13.9545750260788,0.914391622036428,6.87143796570051,0,NaN,NaN,NaN,NaN,NaN,NaN,NaN,NaN,NaN,NaN,NaN,NaN,NaN,NaN,NaN,NaN,NaN,NaN,NaN,NaN,NaN,NaN
1564,1.42282748706964,1.51751556906944,-0.105543132893713,1.5211814011712,3.97851194286077,65.8971822353832,13.9496588055717,0.909736244929435,6.90660105299746,0,NaN,NaN,NaN,NaN,NaN,NaN,NaN,NaN,NaN,NaN,NaN,NaN,NaN,NaN,NaN,NaN,NaN,NaN,NaN,NaN,NaN,NaN
1572.5,1.42330729077273,1.51738915246557,-0.105950203236744,1.52108358928301,3.99413879785188,65.9026722561661,13.9448611857244,0.905123873305395,6.94179602647559,0,NaN,NaN,NaN,NaN,NaN,NaN,NaN,NaN,NaN,NaN,NaN,NaN,NaN,NaN,NaN,NaN,NaN,NaN,NaN,NaN,NaN,NaN
1581,1.42377584907654,1.51726116877248,-0.106375063082071,1.52098557136829,4.0104402826103,65.9082312644328,13.940179227012,0.900553984235635,6.97702238529606,0,NaN,NaN,NaN,NaN,NaN,NaN,NaN,NaN,NaN,NaN,NaN,NaN,NaN,NaN,NaN,NaN,NaN,NaN,NaN,NaN,NaN,NaN
1589.5,1.42424806799209,1.51713413411702,-0.106802516569196,1.5208888054189,4.02683882453925,65.9137499784753,13.9354639032782,0.896035273980556,7.01220754319983,0,NaN,NaN,NaN,NaN,NaN,NaN,NaN,NaN,NaN,NaN,NaN,NaN,NaN,NaN,NaN,NaN,NaN,NaN,NaN,NaN,NaN,NaN
1598,1.42470921927682,1.51700704861268,-0.107233447497297,1.52079235854297,4.0433702733845,65.9192718263579,13.9308622045331,0.89155770918449,7.04742412347803,0,NaN,NaN,NaN,NaN,NaN,NaN,NaN,NaN,NaN,NaN,NaN,NaN,NaN,NaN,NaN,NaN,NaN,NaN,NaN,NaN,NaN,NaN
1606.5,1.42516676781713,1.51687761274281,-0.107670294301509,1.52069411267201,4.06013242289403,65.9248967483806,13.9262994902737,0.887125283421802,7.08263581773276,0,NaN,NaN,NaN,NaN,NaN,NaN,NaN,NaN,NaN,NaN,NaN,NaN,NaN,NaN,NaN,NaN,NaN,NaN,NaN,NaN,NaN,NaN
1615,1.42562074175946,1.51674514141534,-0.108112529658011,1.52059335230564,4.07710739477768,65.9306545770015,13.9217754057219,0.882737301399049,7.11784275709362,0,NaN,NaN,NaN,NaN,NaN,NaN,NaN,NaN,NaN,NaN,NaN,NaN,NaN,NaN,NaN,NaN,NaN,NaN,NaN,NaN,NaN,NaN
1623.5,1.42607116903038,1.51661330114417,-0.108560812730184,1.52049378665881,4.09431022783206,65.9363859756192,13.9172895997264,0.878393082248462,7.15304507077428,0,NaN,NaN,NaN,NaN,NaN,NaN,NaN,NaN,NaN,NaN,NaN,NaN,NaN,NaN,NaN,NaN,NaN,NaN,NaN,NaN,NaN,NaN
1632,1.42651807733824,1.51648181805589,-0.109016254027983,1.52039522760906,4.11178340937474,65.9421028391878,13.9128417247191,0.874091959153332,7.18824288609821,0,NaN,NaN,NaN,NaN,NaN,NaN,NaN,NaN,NaN,NaN,NaN,NaN,NaN,NaN,NaN,NaN,NaN,NaN,NaN,NaN,NaN,NaN
1640.5,1.42695451123263,1.51634400448559,-0.109477485047821,1.5202909128426,4.12949366718442,65.9480960152736,13.9085008681339,0.86982902239112,7.2234716771204,0,NaN,NaN,NaN,NaN,NaN,NaN,NaN,NaN,NaN,NaN,NaN,NaN,NaN,NaN,NaN,NaN,NaN,NaN,NaN,NaN,NaN,NaN
1649,1.42738753548723,1.51620692235136,-0.109946903606993,1.52018806501004,4.14751213991389,65.9540584638131,13.9041966283729,0.865607965729065,7.25869626429272,0,NaN,NaN,NaN,NaN,NaN,NaN,NaN,NaN,NaN,NaN,NaN,NaN,NaN,NaN,NaN,NaN,NaN,NaN,NaN,NaN,NaN,NaN
1657.5,1.42781717673983,1.51606905267732,-0.110420443234606,1.52008488143592,4.16569012829415,65.9600562543003,13.8999286747617,0.86142816092901,7.2939167677122,0,NaN,NaN,NaN,NaN,NaN,NaN,NaN,NaN,NaN,NaN,NaN,NaN,NaN,NaN,NaN,NaN,NaN,NaN,NaN,NaN,NaN,NaN
1666,1.42823674827558,1.51592688323675,-0.110907564906526,1.51997855355705,4.18439302026841,65.9662422415017,13.8957633053752,0.857284962950529,7.32916775485559,0,NaN,NaN,NaN,NaN,NaN,NaN,NaN,NaN,NaN,NaN,NaN,NaN,NaN,NaN,NaN,NaN,NaN,NaN,NaN,NaN,NaN,NaN
1674.5,1.42865959771395,1.51578715012074,-0.11138803705008,1.51987433009082,4.20284179786367,65.9723233516226,13.8915679451019,0.853185785436818,7.36438113999132,0,NaN,NaN,NaN,NaN,NaN,NaN,NaN,NaN,NaN,NaN,NaN,NaN,NaN,NaN,NaN,NaN,NaN,NaN,NaN,NaN,NaN,NaN
1683,1.42907253661861,1.51564486359104,-0.111885181693358,1.51976894507437,4.22192704329948,65.9785167371388,13.8874733829804,0.849122125144748,7.39962500224394,0,NaN,NaN,NaN,NaN,NaN,NaN,NaN,NaN,NaN,NaN,NaN,NaN,NaN,NaN,NaN,NaN,NaN,NaN,NaN,NaN,NaN,NaN
1691.5,1.42948224943808,1.51550095028488,-0.112383432037107,1.51966218815591,4.24106104349171,65.9847821152488,13.8834132190307,0.845097398426295,7.4348652816585,0,NaN,NaN,NaN,NaN,NaN,NaN,NaN,NaN,NaN,NaN,NaN,NaN,NaN,NaN,NaN,NaN,NaN,NaN,NaN,NaN,NaN,NaN
1700,1.42988876137614,1.5153570099511,-0.112887860239925,1.51955603272716,4.26043010208176,65.9910498604066,13.8793871448942,0.841111036103613,7.47010208816899,0,NaN,NaN,NaN,NaN,NaN,NaN,NaN,NaN,NaN,NaN,NaN,NaN,NaN,NaN,NaN,NaN,NaN,NaN,NaN,NaN,NaN,NaN
