S0 f (kHz),S0 Phase velocity (m/ms),S0 Energy velocity (m/ms),S0 Propagation time (micsec),S0 Coincidence angle (deg),S0 Wavelength (mm),S0 Wavenumber (rad/mm),S0 Attenuation (Np/m),S1 f (kHz),S1 Phase velocity (m/ms),S1 Energy velocity (m/ms),S1 Propagation time (micsec),S1 Coincidence angle (deg),S1 Wavelength (mm),S1 Wavenumber (rad/mm),S1 Attenuation (Np/m),S2 f (kHz),S2 Phase velocity (m/ms),S2 Energy velocity (m/ms),S2 Propagation time (micsec),S2 Coincidence angle (deg),S2 Wavelength (mm),S2 Wavenumber (rad/mm),S2 Attenuation (Np/m)
0.001,6.56718813419342,6.56592641987063,15.2301432585914,2.99388383016381,6567188.13419342,9.56754272725169e-07,0,1067.37200416667,20.0028095515972,-0.0806071890297877,-1240.58413652219,0.98253275623836,18.7402418964642,0.335277705693066,0,1286.78190104167,20.0789650674932,2.29137399942513,43.6419371194263,0.97880584190528,15.6040157630745,0.402664634705649,0
8.5,6.56580864191055,6.56557456893988,15.23095944612,2.99451342569959,772.448075518889,0.00813411995745978,0,1067.34938046875,19.9028095515972,-0.0780588028240906,-1281.08549429531,0.987469897414442,18.6469490832106,0.336955138298569,0,1287.61100260417,19.9789650674932,2.30321393563395,43.4175907208877,0.983705504049475,15.5163050230901,0.404940821789044,0
17,6.56545745372772,6.56452091031772,15.2334041381186,2.99467374908753,386.203379631043,0.0162691101076904,0,1067.32675677084,19.8028095515972,-0.0754633419298777,-1325.14671948828,0.992456909072467,18.5536523149761,0.338649512263843,0,1288.46158854167,19.8789650674932,2.31524146822966,43.19203909062,0.988654468439084,15.4284499004685,0.407246699941566,0
25.5,6.56487185716629,6.56276375406119,15.2374828269748,2.9949411220934,257.445955182992,0.0244058420056105,0,1067.31096901042,19.7028095515972,-0.0728087779556028,-1373.46076679076,0.997494550705426,18.4602333562308,0.340363265508713,0,1289.3193359375,19.7789650674932,2.32739040478269,42.9665774141305,0.99365348302112,15.3406254883406,0.409578169544327,0
34,6.56405143260956,6.56030146465298,15.243201938021,2.99531579374522,193.060336253222,0.0325451899086015,0,1067.2883453125,19.6028095515972,-0.0701066634251302,-1426.39793586517,1.00258359730786,18.3669292723865,0.342092312438201,0,1290.19856770833,19.6789650674932,2.33973849217288,42.739819144118,0.998703310949384,15.2526638612281,0.41194019381436,0
42.5,6.56299225168768,6.55713179706677,15.2505703857796,2.99579963942269,154.423347098534,0.040688052844564,0,1067.27255755209,19.5028095515972,-0.0673491824181832,-1484.79901922316,1.0077248397734,18.2735041893414,0.343841292949409,0,1291.09212239583,19.5789650674932,2.35224496892918,42.5125789706857,1.00380473097292,15.1646538057727,0.414330942707559,0
51,6.56170240929552,6.55325181925902,15.2595997770321,2.99638906505831,128.660831554814,0.0488352611377514,0,1067.24993385417,19.4028095515972,-0.0645278875666408,-1549.71755268953,1.01291908530461,18.1801927890758,0.345606087904363,0,1292,19.4789650674932,2.36491789534132,42.284766078768,1.00895853783647,15.0765983494529,0.416750858618422,0
59.5,6.56017701951338,6.54866143458793,15.2702962275362,2.99708642949385,110.255075958208,0.0569877191827542,0,1067.23414609375,19.3028095515972,-0.0616567417445333,-1621.88265501179,1.01816715783556,18.0867615810912,0.347391393368525,0,1300.5,18.6221811317043,2.48119493968131,40.303161352104,1.0553846300135,14.3192473138826,0.438792987469949,0
68,6.5584088186624,6.54334568426116,15.2827016675173,2.99789520669744,96.4471885097411,0.0651463811881358,0,1067.21835833334,19.2028095515972,-0.0587178730700906,-1703.05896265404,1.02346989846763,17.993327608781,0.3491952930437,0,1309,17.8859360462968,2.59378260182521,38.5537322710205,1.09883302092406,13.6638166893024,0.459841159322547,0
76.5,6.556398008222,6.53731104353383,15.2968092437504,2.998815484676,85.704549127085,0.0733121563694678,0,1067.20257057292,19.1028095515972,-0.0557329892137915,-1794.26945173173,1.02882816591896,17.8998908720225,0.351018078942603,0,1317.5,17.2457823196955,2.70323124088321,36.9927657270369,1.13962636719321,13.0897778517613,0.480007023674139,0
85,6.55415253777416,6.53054701583327,15.3126529458483,2.99984382666532,77.1076769149901,0.0814858592369044,0,1067.179946875,19.0028095515972,-0.052676235397344,-1898.38926881707,1.03424283698818,17.8065654318587,0.352857788955641,0,1326,16.6836243324264,2.80993996758304,35.5879489076824,1.17803162436062,12.5819188027349,0.499382121732803,0
93.5,6.55165817973273,6.52305094762194,15.3302497256221,3.00098697747453,70.0712104784249,0.0896685709334819,0,1067.17099505209,18.9028095515972,-0.0495546582200126,-2017.97376052964,1.03971480703276,17.7130091046698,0.354721508358684,0,1334.5,16.1857404550787,2.91419923354807,34.314743772082,1.21427398661953,12.1286927351657,0.518043077219874,0
102,6.54892388588361,6.51480791710333,15.349646723654,3.00224109142606,64.2051361361138,0.0978611009228193,0,1067.15520729167,18.8028095515972,-0.0463757578880354,-2156.29899227586,1.04524499046275,17.6195640738303,0.356602767290468,0,1343,15.7415239362223,3.01621862596519,33.1540953759611,1.24854543255581,11.7211645094731,0.53605469849873,0
110.5,6.54594259771706,6.50582594481727,15.3708385143108,3.00360968762533,59.2392995268512,0.10606447674709,0,1067.13941953125,18.7028095515972,-0.0431296148104336,-2318.59246690533,1.05083432125022,17.5261162780516,0.35850414361613,0,1351.5,15.3426108609729,3.11615129034122,32.0908680878103,1.28101337796782,11.3522832859585,0.553473266030206,0
119,6.54271820646271,6.49606918632625,15.3939247153483,3.00509128910079,54.9808252643925,0.114279574323683,0,1067.13046770834,18.6028095515972,-0.03981428917613,-2511.66106614691,1.05648375345528,17.4325540451926,0.360428270630391,0,1360,14.9823344509619,3.21410382640025,31.1128717058274,1.311822903417,11.0164223904132,0.570347167574785,0
127.5,6.53923088877307,6.48554673187496,15.4189005390283,3.00669535170742,51.2880854021417,0.12250769857978,0,1067.11467994792,18.5028095515972,-0.0364310998352256,-2744.90752275639,1.06219426176908,17.3391013161774,0.36237087451109,0,1368.5,14.6552865523431,3.31015196452645,30.210093395004,1.34110287925679,10.70901465279,0.586719274451889,0
136,6.53549751766246,6.47426248214784,15.4457747543817,3.00841449147949,48.0551288063416,0.130749525872677,0,1067.105728125,18.4028095515972,-0.0329751476373657,-3032.58687723615,1.06796684207454,17.2455353453425,0.364336924389911,0,1377,14.3570398958013,3.40434713601399,29.3742077422474,1.36896759285536,10.4263180071178,0.602627437882691,0
144.5,6.53150620123341,6.46218419552887,15.4746440172951,3.01025458638199,45.2007349566326,0.13900626423902,0,1067.09677630209,18.3028095515972,-0.0294533410846956,-3395.20055508954,1.07380251202548,17.1519678046669,0.366324457854334,0,1385.5,14.0839255683407,3.49672205384639,28.5982124000963,1.39551970072658,10.1652295693546,0.618105598531853,0
153,6.52725081089023,6.44929984759849,15.5055591092166,3.01221890791573,42.6617700058185,0.147279058190099,0,1067.08782447917,18.2028095515972,-0.0258533748614839,-3867.96696894605,1.07970231164483,17.058398694111,0.368333828974739,0,1394,13.8328876363783,3.58730055852874,27.8761141890528,1.42085060627394,9.92316186253827,0.63318379708183,0
161.5,6.52273880887353,6.43560835096767,15.5385465594661,3.0143044868036,40.3884755967401,0.155568765949827,0,1067.07887265625,18.1028095515972,-0.0221788814861686,-4508.79364959694,1.08566730394269,16.9648280136353,0.37036539964505,0,1402.5,13.6013406054219,3.67609082349551,27.2028099417066,1.44504402503348,9.69792556536321,0.64788961977811,0
170,6.51795472079772,6.42109208290983,15.5736748062151,3.01651899005945,38.3409101223395,0.163876790799461,0,1067.06992083334,18.0028095515972,-0.0184267352590175,-5426.89730949832,1.091698575555,16.8712557632004,0.372419539800024,0,1411,13.3870925174423,3.76309997386254,26.5738355862381,1.46817564713814,9.48766301732271,0.662247941954479,0
178.5,6.512903162954,6.4057357847556,15.6110091580706,3.01886083838872,36.4868524535238,0.172204092287297,0,1067.06780494792,17.9028095515972,-0.0146008066519095,-6848.93666384673,1.09779723740359,16.7775744602012,0.374499026786273,0,1419.5,13.1882762337888,3.84833186382963,25.9852849334272,1.49031368689928,9.29078987938623,0.676281068536518,0
187,6.50757658133119,6.38952716695617,15.6506103483144,3.02133412834833,34.7998747664769,0.180551951676339,0,1067.058853125,17.8028095515972,-0.0106895742909198,-9354.9094920407,1.10396442537852,16.6839996683029,0.376599462484809,0,1428,13.0032718850206,3.9317770473056,25.4337920987989,1.51152204478485,9.10593269259145,0.690010075770883,0
195.5,6.50197560793044,6.37260024398134,15.6921815540597,3.02393920351634,33.2581872528411,0.188921460433561,0,1067.05673723959,17.7028095515972,-0.00669268050068014,-14941.6963785792,1.11020130104359,16.5903170223107,0.378726054404503,0,1436.5,12.830687346605,4.01344340289716,24.9162601689645,1.5318582192052,8.93190904741038,0.703453794012968,0
204,6.49608610782375,6.35448672528993,15.7369122516244,3.02668332774623,31.8435593520772,0.197314164466031,0,1067.05462135417,17.6028095515972,-0.00262408108515254,-38108.5784908918,1.11650905236579,16.4966340047878,0.380876808284406,0,1445,12.669309302261,4.09332551840414,24.4300140681181,1.55137533162901,8.76768809845054,0.716629656145042,0
212.5,6.4899104723359,6.33561597437071,15.7837849397008,3.0295661292933,30.5407551639336,0.205731170478704,0,1067.05934140625,17.5028095515972,0.00153565403818641,65118.8337433728,1.12288889446989,16.4028455329679,0.383054592238346,0,1453.5,12.5180807883097,4.17142086435343,23.9726470312652,1.57012186198285,8.61237068339161,0.729553515305176,0
221,6.48343479987,6.31582283005467,15.8332497112074,3.0325948956858,29.3368090491855,0.214174121549666,0,1067.05722552084,17.4028095515972,0.00578812967959872,17276.7380026864,1.12934207041899,16.3091623723393,0.385254936074216,0,1462,12.3760659336664,4.24773082244931,23.5419813966315,1.58814353609433,8.46516137733682,0.742240463838187,0
229.5,6.47667297097921,6.29508739049647,15.8854029812148,3.03576397465661,28.2207972591687,0.222643791721307,0,1067.06194557292,17.3028095515972,0.0101264116542595,9875.16638807952,1.13586985202219,16.2153749586741,0.387483195620988,0,1470.5,12.2424447190169,4.32225765650489,23.136057113463,1.60548197877721,8.32536193064734,0.754704162956557,0
238,6.46959253052204,6.27358434025759,15.9398510606289,3.03908948792014,27.1831618929497,0.231142548167261,0,1067.066665625,17.2028095515972,0.0145568822781134,6869.60285104128,1.14247354067041,16.1215883747255,0.389737360930886,0,1479,12.1164990885337,4.39499425354148,22.7531583049102,1.62217468889479,8.19235908622966,0.766956775337258,0
246.5,6.46221217394687,6.2507048470233,15.9981957950905,3.04256363241915,26.2158708882226,0.23967105018061,0,1067.07138567708,17.1028095515972,0.0190829248769701,5240.28683468136,1.14915446820152,16.0278026204826,0.392017886416323,0,1487.5,11.9975668946968,4.46595768264942,22.3916138723184,1.63825971114107,8.06559118971211,0.779011130045119,0
255,6.45451379175267,6.2270158472978,16.0590566094986,3.0461959584958,25.3118187911869,0.248231285116787,0,1067.08294166667,17.0028095515972,0.0237110035772793,4217.45117932602,1.15591399779611,15.9339156195681,0.394327763319102,0,1496,11.8850835284707,4.53514839953749,22.0499951027398,1.65376889271709,7.94457455111679,0.790877505995125,0
263.5,6.44648931841817,6.2022878694254,16.1230826600224,3.04999139160921,24.4648550983612,0.256824954896237,0,1067.08766171875,16.9028095515972,0.0284272874843014,3517.74681475409,1.16275352490498,15.840132125951,0.396662430415323,0,1504.5,11.7785217671677,4.60257768962975,21.7269553592357,1.66873495993486,7.82886126099547,0.802566950379276,0
272,6.43813669584453,6.17650833397844,16.1903772475909,3.05395209725633,23.6696202053108,0.265453575202268,0,1067.09921770833,16.8028095515972,0.0332481564216506,3007.68556102202,1.1696744782098,15.746248589407,0.39902744272731,0,1513,11.6774304338136,4.66825098336087,21.421298973948,1.6831853118337,7.71806373682327,0.814088289683615,0
280.5,6.42944250484289,6.14964192474276,16.2611093822642,3.05808571653492,22.9213636536289,0.274119175548478,0,1067.11760963542,16.7028095515972,0.0381723365460292,2619.69816491106,1.17667832061829,15.6522668174352,0.401423345287004,0,1521.5,11.5813891323337,4.73218315752482,21.1318955059857,1.69714757546534,7.61182328776451,0.825450758595432,0
289,6.42040551309741,6.12166154318098,16.3354343089078,3.06239420194404,22.2159360314789,0.282823343489854,0,1067.129165625,16.6028095515972,0.0432083132116087,2314.36944807957,1.18376655029539,15.5583879500409,0.403845522258177,0,1530,11.4900255406422,4.79438685478868,20.857724465876,1.71064653637421,7.50982061479883,0.836662502270422,0
297.5,6.41101220441666,6.09254156694268,16.4135113238433,3.0668854581761,21.549620855182,0.291568253075258,0,1067.14755755208,16.5028095515972,0.04834614446293,2068.41726699998,1.19094070173193,15.4644120532429,0.406299656627553,0,1538.5,11.4029922841621,4.85487705518731,20.5978439542877,1.72370695923951,7.41175969071308,0.847731924586331,0
306,6.40125540954794,6.06223049944384,16.4955786503292,3.07156448546573,20.9191353253201,0.300355880368275,0,1067.16594947917,16.4028095515972,0.0535998461534231,1865.67699679141,1.19820234685243,15.3704393956747,0.408783714338557,0,1547,11.3199831660798,4.91367035880113,20.3513855627056,1.7363507106684,7.31737761220416,0.858666265452842,0
314.5,6.39112106292465,6.03073794320227,16.5817186788423,3.07643972165511,20.3215296118431,0.309188600818604,0,1067.19117734375,16.3028095515972,0.0589679733543454,1695.83579545948,1.20555309616363,15.2763721231045,0.411300880637535,0,1555.5,11.2407189983985,4.97078353802909,20.1175527429323,1.74859841382111,7.22643458591995,0.869472383991657,0
323,6.38060197731213,5.99799559779476,16.6722363112047,3.0815164441561,19.7541856882728,0.318068555511738,0,1067.21640520833,16.2028095515972,0.0644507908635191,1551.57134086624,1.21299459994569,15.1823092978356,0.413849117675091,0,1564,11.1649488153638,5.02623328502864,19.8956145346187,1.76046888394767,7.13871407631956,0.8801564595537,0
331.5,6.36969125093888,5.96397389943986,16.7673436681861,3.0867999218204,19.214754904793,0.326997941858331,0,1067.24163307292,16.1028095515972,0.0700552953573246,1427.44384260946,1.22052854948765,15.0882509195525,0.416429004308071,0,1572.5,11.0924315742351,5.08004224673614,19.6848756650102,1.77198168269239,7.05401054005413,0.890725250763713,0
340,6.35838229370802,5.92864376739267,16.8672640697349,3.09229540640779,18.7011243932589,0.335979012547741,0,1067.273696875,16.0028095515972,0.0757805545202439,1319.59973944617,1.22815667836937,14.9941009494132,0.419043817857281,0,1581,11.0229543249263,5.13223012300888,19.4847069603677,1.783154009824,6.97214062297681,0.901184535273606,0
348.5,6.34664400472682,5.89196337776669,16.9722711409493,3.0980202650858,18.2113170867341,0.345015425147725,0,1067.30576067708,15.9028095515972,0.0816345025733498,1224.97224638747,1.23588076379179,14.8999566361458,0.421691516332148,0,1589.5,10.956323984037,5.18281686283183,19.2945270200732,1.79400170700511,6.89293739165586,0.911539587576351,0
357,6.3344858770406,5.85393757229686,17.0825190335544,3.10397228440825,17.7436579188812,0.354108794021191,0,1067.34466041667,15.8028095515972,0.0876168636258251,1141.33279669834,1.24370262795771,14.8057231535951,0.424375441982643,0,1598,10.892365350262,5.23182197013928,19.1138002345553,1.80453933935935,6.81624865473218,0.921795202235981,0
365.5,6.32187508468833,5.81437835394024,17.1987431695484,3.11017012971598,17.2965118596124,0.363263145666434,0,1067.38356015625,15.7028095515972,0.0937289506333176,1066.90621546821,1.25162413950543,14.7114965395368,0.427093551651503,0,1606.5,10.8308992526177,5.27927393400499,18.9419987009724,1.81478364051508,6.74192297081711,0.931957445134986,0
374,6.30881353518354,5.77338855748497,17.3208504856916,3.11661567023662,16.8684853881913,0.372480703666383,0,1067.42245989583,15.6028095515972,0.0999766642309216,1000.23341215931,1.25964721499748,14.61727679322,0.429846502605324,0,1615,10.7717939364325,5.32518513116432,18.7786898552644,1.82474479854046,6.66984144670743,0.942029185758424,0
382.5,6.29527655678249,5.73087009841553,17.4493573022442,3.12332408937339,16.4582393641372,0.381765337601709,0,1067.46819557292,15.5028095515972,0.106367787742872,940.134246673764,1.26777382046703,14.5229709099452,0.432637739629218,0,1623.5,10.7148839968972,5.36958818099857,18.6234021361026,1.83443986576688,6.59986695220032,0.952016965294254,0
391,6.28125686853051,5.68678300674527,17.5846343849215,3.13030224703909,16.0645955716893,0.391120042776083,0,1067.5207671875,15.4028095515972,0.11289894730572,885.747851387928,1.27600597302459,14.4285807124648,0.435468008419676,0,1632,10.660055430129,5.41249853824749,18.4757555671098,1.84387831165718,6.53189670963786,0.961923555513164,0
399.5,6.2667243155918,5.64105522424247,17.7271797606677,3.13756868401953,15.6864188124951,0.400549378560177,0,1067.57333880208,15.3028095515972,0.119577164559591,836.280073777511,1.28434574252769,14.334199811292,0.438335267395248,0,1640.5,10.6071899363378,5.45393978658407,18.3353692767174,1.85307126997852,6.46582745281185,0.971752703429653,0
408,6.25166971466882,5.59365566961804,17.8773964481136,3.14513182950459,15.3227198888942,0.410056788399141,0,1067.63274635417,15.2028095515972,0.126401977259972,791.126865004094,1.29279525331659,14.239737028967,0.441243071722328,0,1649,10.5561654254719,5.49393647770619,18.2018850064593,1.86203146267242,6.40155574619281,0.981509113767599,0
416.5,6.23607300110636,5.54451956775561,18.0358277715448,3.15300589309064,14.9725642283466,0.419646575653623,0,1067.69215390625,15.1028095515972,0.133388372314193,749.690533478079,1.30135668601883,14.1452847586658,0.444189382849314,0,1657.5,10.5068851314576,5.53250841838618,18.0749837935483,1.87076802000424,6.33899555442391,0.991195727025652,0
425,6.21991407162596,5.4935898664468,18.2030334318858,3.16120550699694,14.6350919332375,0.429323255080478,0,1067.75839739583,15.0028095515972,0.140530967381609,711.586932497602,1.31003227942618,14.0507530431862,0.447177833662556,0,1666,10.4592412536156,5.56968279845644,17.9543438322401,1.87929278247644,6.27805597455917,1.00081702562723,0
433.5,6.20317457486841,5.44079526787682,18.3796660371349,3.16974483913928,14.3095145902386,0.439091435810531,0,1067.82464088542,14.9028095515972,0.147833648286037,676.435988419323,1.31882433244705,13.9562330564315,0.450206390347148,0,1674.5,10.4131599145049,5.6054737959977,17.8397051951969,1.88761221716241,6.21866820812478,1.01037474534668,0
442,6.1858204833602,5.38610506822488,18.5662921040932,3.17864656314265,13.9950689668783,0.448957080672473,0,1067.8977203125,14.8028095515972,0.155302004731156,643.906691179619,1.32773520613817,13.8616360631104,0.453278767280642,0,1683,10.3685466152888,5.63990767150609,17.7307867122044,1.89573710578941,6.16075259375449,1.01987301251948,0
450.5,6.16783560977378,5.32941767123297,18.7637761138103,3.187924783258,13.6910890339041,0.458925165968913,0,1067.97763567708,14.7028095515972,0.162944066566303,613.707526191569,1.3367673258192,13.7669638955275,0.45639585858294,0,1691.5,10.3253233401925,5.67300533227866,17.6273410904469,1.90367584688643,6.10424081595774,1.02931478239752,0
459,6.14919740495747,5.27066956939086,18.9729215014246,3.19759740577555,13.3969442373801,0.469001377914843,0,1068.06438697917,14.6028095515972,0.170763581092331,585.604959560612,1.3459231832743,13.6722183883489,0.45955858286567,0,1700,10.2834202838113,5.70478524908128,17.5291436283433,1.91143585088806,6.04907075518313,1.03870256465356,0
467.5,6.12986605422391,5.20981678460093,19.1945329623832,3.20769198801925,13.1120129502116,0.479193037029315,0,1068.15113828125,14.5028095515972,0.178757939999959,559.415710429551,1.35520533904479,13.5774882709328,0.462764922480609,0,NaN,NaN,NaN,NaN,NaN,NaN,NaN,NaN
476,6.10982291563378,5.14679160182261,19.4295801610828,3.21822581240229,12.8357624278021,0.489506201327808,0,1068.24472552083,14.4028095515972,0.186937191080973,534.939031777174,1.36461642481746,13.4826872602389,0.466018768061838,0,NaN,NaN,NaN,NaN,NaN,NaN,NaN,NaN
484.5,6.08902612284715,5.08141499993975,19.6795577612113,3.22922915020687,12.5676493763615,0.499949124853661,0,1068.34514869792,14.3028095515972,0.195311401719224,512.002879093346,1.37415914591307,13.3878171946859,0.46932111604225,0,NaN,NaN,NaN,NaN,NaN,NaN,NaN,NaN
493,6.06744365565569,5.01371808302823,19.9452778046111,3.2407280649436,12.3071879425065,0.51052972754879,0,1068.4524078125,14.2028095515972,0.203879399726896,490.48604289572,1.38383628388008,13.2928799146752,0.472672990917716,0,NaN,NaN,NaN,NaN,NaN,NaN,NaN,NaN
501.5,6.04504044710366,4.94358789704522,20.2282233233417,3.25275125355979,12.0539191367969,0.521256633288583,0,1068.56650286458,14.1028095515972,0.212648099624855,470.260492223611,1.39365069919878,13.1978772624734,0.476075446242032,0,NaN,NaN,NaN,NaN,NaN,NaN,NaN,NaN
510,6.02177479411139,4.87092090759036,20.5299987204001,3.26533213956098,11.8074015570812,0.532139546267182,0,1068.68743385417,14.0028095515972,0.221626065639116,451.210464399231,1.4036053341014,13.1028110820923,0.479529565664489,0,NaN,NaN,NaN,NaN,NaN,NaN,NaN,NaN
518.5,5.99760103989795,4.79564588103308,20.8522485772986,3.27850764517431,11.5672151203432,0.543189111796614,0,1068.80836484375,13.9028095515972,0.230802057061371,433.271701618368,1.41370321551398,13.0077664143559,0.483033374603437,0,NaN,NaN,NaN,NaN,NaN,NaN,NaN,NaN
527,5.9724671435997,4.71766059591202,21.1969466575558,3.29231974176338,11.3329547316882,0.554417224451721,0,1068.94296770833,13.8028095515972,0.240218406072537,416.287834204527,1.42394745812622,12.9125780968357,0.486594176628392,0,NaN,NaN,NaN,NaN,NaN,NaN,NaN,NaN
535.5,5.94633562436688,4.63686696588278,21.5662861875878,3.30680408380269,11.1042682061006,0.565835153704919,0,1069.08372291667,13.7028095515972,0.249835344888773,400.263621804673,1.43434126759587,12.8173399873803,0.490209771556804,0,NaN,NaN,NaN,NaN,NaN,NaN,NaN,NaN
544,5.91914026727518,4.55317217486757,21.9627099875503,3.32201412949184,10.8807725501382,0.577457646341461,0,1069.235415625,13.6028095515972,0.259693449159586,385.06939749007,1.44488794389452,12.7219968145611,0.493883578086428,0,NaN,NaN,NaN,NaN,NaN,NaN,NaN,NaN
552.5,5.89082383783595,4.46648101053272,22.3889902955331,3.33800066986882,10.6621245933682,0.589299557715512,0,1069.39257708333,13.5028095515972,0.26978511802336,370.665367803354,1.45559088480222,12.6266161192411,0.497614344797015,0,NaN,NaN,NaN,NaN,NaN,NaN,NaN,NaN
561,5.86131128057801,4.37667173893523,22.8484122102171,3.35482717571225,10.4479701971088,0.601378563361362,0,1069.56067604167,13.4028095515972,0.280119798607221,356.990118146623,1.46645358955859,12.5311353080029,0.501405910378039,0,NaN,NaN,NaN,NaN,NaN,NaN,NaN,NaN
569.5,5.83054913203678,4.28367310416242,23.3444517283148,3.37254775908198,10.2380142792569,0.613711324852309,0,1069.73424375,13.3028095515972,0.290705819011529,343.990362284541,1.47747966267883,12.4356209304505,0.505257062942007,0,NaN,NaN,NaN,NaN,NaN,NaN,NaN,NaN
578,5.79843726314648,4.1873274079515,23.8815813184576,3.39124678099463,10.0318983791462,0.626320669300317,0,1069.91874895833,13.2028095515972,0.301544314780422,331.626215777996,1.48867281794319,12.3400113928757,0.509171759015317,0,NaN,NaN,NaN,NaN,NaN,NaN,NaN,NaN
586.5,5.76489472364843,4.08756150818327,24.4644636661248,3.41100173232194,9.82931751687712,0.639229050886925,0,1070.11419166667,13.1028095515972,0.312646090895693,319.850472825399,1.50003688256931,12.2443096761384,0.513151453480812,0,NaN,NaN,NaN,NaN,NaN,NaN,NaN,NaN
595,5.72983485839994,3.9842817704453,25.0986264931818,3.43189798003905,9.62997455193267,0.65246125763838,0,1070.31565,13.0028095515972,0.32401556570239,308.627148153279,1.51157580157725,12.1485746299208,0.517195267641086,0,NaN,NaN,NaN,NaN,NaN,NaN,NaN,NaN
603.5,5.69313814306989,3.87734507784428,25.7908434746793,3.45404598955675,9.43353461983412,0.666047834707588,0,1070.53460833333,12.9028095515972,0.335663923893027,297.917032132024,1.52329364235764,12.0526785880234,0.521310284787907,0,NaN,NaN,NaN,NaN,NaN,NaN,NaN,NaN
612,5.65469194154695,3.76668304962399,26.5485570945457,3.47755880028396,9.23969271494599,0.680021024618708,0,1070.76354166667,12.8028095515972,0.347605047531687,287.682819078984,1.53519459945408,11.9567103785298,0.52549448035992,0,NaN,NaN,NaN,NaN,NaN,NaN,NaN,NaN
620.5,5.61435738342633,3.65217746118211,27.3809257799955,3.50257326760353,9.04811826499005,0.694419007705852,0,1071,12.7028095515972,0.359832897571066,277.906774714089,1.5472829995717,11.8606998614353,0.529748276289259,0,NaN,NaN,NaN,NaN,NaN,NaN,NaN,NaN
629,5.57199275306479,3.53373823848106,28.298643886816,3.52923741947949,8.85849404302827,0.709283685992262,0,1079.5,10.711497194793,0.678034396400187,147.485143129787,1.835020084338,9.92264677609356,0.633216665770824,0,NaN,NaN,NaN,NaN,NaN,NaN,NaN,NaN
637.5,5.52743583466791,3.41129349330942,29.3143935566172,3.55772324025752,8.67048758379281,0.724663434029287,0,1088,9.75074857630746,0.895453426169865,111.675266493458,2.01589729127725,8.96208508851789,0.701085210095754,0,NaN,NaN,NaN,NaN,NaN,NaN,NaN,NaN
646,5.48048720914994,3.28473537164938,30.4438527569381,3.58824023431041,8.48372632995348,0.740616217781042,0,1096.5,9.11844869053701,1.06380702774504,94.0020110714733,2.15574935923799,8.31595867810033,0.755557543079915,0,NaN,NaN,NaN,NaN,NaN,NaN,NaN,NaN
654.5,5.43094710183744,3.15405835597295,31.7051838342263,3.62101495475464,8.29785653451098,0.757205825510199,0,1105,8.64924896500277,1.19903006412085,83.4007444786812,2.27275306391393,7.82737462896179,0.80271937974342,0,NaN,NaN,NaN,NaN,NaN,NaN,NaN,NaN
663,5.3785661949158,3.01918551267722,33.1215155809775,3.65632709581846,8.11246786563469,0.774509731347701,0,1113.5,8.27702805815179,1.30917037907854,76.3842518881195,2.37501689707139,7.43334356367471,0.845270402660289,0,NaN,NaN,NaN,NaN,NaN,NaN,NaN,NaN
671.5,5.32307520360214,2.88014462077998,34.7204787143358,3.6944955254231,7.92714103291457,0.792616818735903,0,1122,7.96869887409308,1.39929500887217,71.4645584854905,2.46696809786349,7.10222716051077,0.884678167169145,0,NaN,NaN,NaN,NaN,NaN,NaN,NaN,NaN
680,5.26414742298214,2.73693672528492,36.5371983488547,3.73591073364302,7.74139326909138,0.811634945903873,0,1130.5,7.70537855622397,1.47302618616016,67.8874557285889,2.55132805465881,6.81590318993717,0.921841923526133,0,NaN,NaN,NaN,NaN,NaN,NaN,NaN,NaN
688.5,5.20141859730456,2.58965797731587,38.6151379355694,3.78103073868192,7.55471110719617,0.83169100949401,0,1139,7.47533533258697,1.53314765419517,65.2252897666895,2.62989604646345,6.56306877312289,0.9573547869726,0,NaN,NaN,NaN,NaN,NaN,NaN,NaN,NaN
697,5.13446933251703,2.4384392789491,41.0098380809783,3.83040537956938,7.36652701939316,0.852937251249937,0,1147.5,7.2708278345032,1.58189440512241,63.2153446375339,2.70392167623516,6.33623340697447,0.991627817918372,0,NaN,NaN,NaN,NaN,NaN,NaN,NaN,NaN
705.5,5.06277628180992,2.28347758890345,43.7928537096005,3.88472973635033,7.17615348236701,0.875564509959048,0,1156,7.08646228907334,1.62112388881109,61.6856001507316,2.77432281366472,6.13015768950981,1.0249630801393,0,NaN,NaN,NaN,NaN,NaN,NaN,NaN,NaN
714,4.98575962658021,2.12510297279866,47.0565432734324,3.94483269849297,6.98285661986024,0.899801563920031,0,1164.5,6.91839124125363,1.65238694222202,60.5185126103251,2.84177513070277,5.94108307535735,1.05758246896786,0,NaN,NaN,NaN,NaN,NaN,NaN,NaN,NaN
722.5,4.90271579907702,1.96376296695808,50.9226427438454,4.01176007745785,6.78576581187131,0.925936066963512,0,1173,6.76376550058813,1.67699842570087,59.6303481669678,2.90679582623908,5.76621099794385,1.08965580854049,0,NaN,NaN,NaN,NaN,NaN,NaN,NaN,NaN
731,4.81280642568292,1.80007835210955,55.5531373858297,4.08683106715046,6.58386651940207,0.954330603250171,0,1181.5,6.62042520850742,1.69607689298001,58.9595910503208,2.96978732860001,5.60340686289244,1.12131520357532,0,NaN,NaN,NaN,NaN,NaN,NaN,NaN,NaN
739.5,4.71502418709736,1.63489812828909,61.1658905650895,4.17173411760159,6.37596238958399,0.985448928846261,0,1190,6.48670979936445,1.71057332786576,58.4599317497645,3.03106237382729,5.45101663812139,1.15266302128643,0,NaN,NaN,NaN,NaN,NaN,NaN,NaN,NaN
748,4.60815262741544,1.46936334340236,68.0566862165259,4.26866168611995,6.16063185483348,1.0198930004639,0,1198.5,6.36129787954411,1.72129876426954,58.0956671065969,3.09087673195666,5.30771621155119,1.18378320481895,0,NaN,NaN,NaN,NaN,NaN,NaN,NaN,NaN
756.5,4.49077422155091,1.3050794520058,76.6236874286146,4.38044968768186,5.9362514495055,1.05844325507859,0,1207,6.24316113693759,1.72893830044379,57.8389639319873,3.14942253484708,5.17246158818359,1.21473793474531,0,NaN,NaN,NaN,NaN,NaN,NaN,NaN,NaN
765,4.36121635905588,1.14421229007565,87.3963694214367,4.51084452357481,5.70093641706651,1.10213214944304,0,1215.5,6.13145341241955,1.73407417827228,57.6676599265398,3.20686068749064,5.04438783415842,1.24557934753402,0,NaN,NaN,NaN,NaN,NaN,NaN,NaN,NaN
773.5,4.21765535204374,0.989749750700492,101.035640503294,4.6647196384598,5.45268953076113,1.1523093826878,0,1224,6.02548939080588,1.7371973637449,57.5639832796133,3.26331694577716,4.9227854500048,1.27634758227651,0,NaN,NaN,NaN,NaN,NaN,NaN,NaN,NaN
782,4.05837464097724,0.845788194403094,118.232910629089,4.84822769289135,5.18973739255402,1.21069426676471,0,1232.5,5.92469157205037,1.73871577858473,57.513712840058,3.31889798812768,4.80705198543641,1.30707662954662,0,NaN,NaN,NaN,NaN,NaN,NaN,NaN,NaN
790.5,3.88245534295198,0.717748907765832,139.324489271986,5.06846970546856,4.91139195819352,1.27930846502641,0,1241,5.82859655999687,1.7389888180398,57.5046825848601,3.3736788653533,4.69669344077105,1.33778910342253,0,NaN,NaN,NaN,NaN,NaN,NaN,NaN,NaN
799,3.69123155905415,0.612345995952676,163.306367088139,5.33178279039533,4.61981421658842,1.36005151129638,0,1249.5,5.73679873733809,1.73828963994251,57.5278122254169,3.4277270314476,4.5912755000705,1.36850539835458,0,NaN,NaN,NaN,NaN,NaN,NaN,NaN,NaN
807.5,3.49031069890324,0.536013364000386,186.562512646472,5.63967630800491,4.32236619059224,1.45364483945278,0,1258,5.64894855469532,1.73686391018382,57.5750347587203,3.48109885113538,4.49042015476575,1.39924218461187,0,NaN,NaN,NaN,NaN,NaN,NaN,NaN,NaN
816,3.29046087206232,0.492094620185467,203.212951123731,5.98342278217609,4.03242753929206,1.55816446692621,0,1266.5,5.5647658777833,1.73490561261893,57.6400233376644,3.53382660230689,4.39381435277008,1.43000700592148,0,NaN,NaN,NaN,NaN,NaN,NaN,NaN,NaN
824.5,3.10430577440432,0.477908419016895,209.245110612845,6.34366027166658,3.76507674275843,1.66880670341298,0,1275,5.48397991747058,1.73257885125419,57.7174308272383,3.58595191970755,4.30116071958477,1.46081156153266,0,NaN,NaN,NaN,NaN,NaN,NaN,NaN,NaN
833,2.94039165211481,0.485835276189468,205.831080822961,6.69886869853033,3.5298819353119,1.7799987144965,0,1283.5,5.40637103534309,1.73001398881741,57.803000811778,3.63749732035672,4.21220961070751,1.49166017075874,0,NaN,NaN,NaN,NaN,NaN,NaN,NaN,NaN
841.5,2.80085104221311,0.50744427578967,197.065973095041,7.0342579135665,3.32840290221404,1.8877478153261,0,1292,5.33174400503089,1.72731660382236,57.8932662250286,3.6884803828013,4.12673684599914,1.52255536072554,0,NaN,NaN,NaN,NaN,NaN,NaN,NaN,NaN
850,2.68350485916786,0.5363221259318,186.455108161464,7.34351618981905,3.15706454019748,1.99019856172676,0,1300.5,5.25991896829948,1.72457202433175,57.9854007771863,3.73891830505959,4.04453592333678,1.55349969100927,0,NaN,NaN,NaN,NaN,NaN,NaN,NaN,NaN
858.5,2.5846838776171,0.568458298881412,175.91439899246,7.625921420066,3.01069758604205,2.08695331484277,0,1309,5.19074165630907,1.72184668564258,58.0771800612904,3.78881936130297,3.96542525310089,1.5844921808238,0,NaN,NaN,NaN,NaN,NaN,NaN,NaN,NaN
867,2.5008402622184,0.601571686825452,166.231227615962,7.8831881026252,2.88447550428881,2.1782765351404,0,1317.5,5.12406155912958,1.71919415862152,58.1667867462868,3.83819718117757,3.88923078491809,1.61553419034554,0,NaN,NaN,NaN,NaN,NaN,NaN,NaN,NaN
875.5,2.42896429887944,0.634434739508596,157.620624742988,8.11801157962672,2.77437384223809,2.26472193888295,0,1326,5.05975104591253,1.7166538844389,58.2528609328174,3.88705599342281,3.8158001854544,1.64662325116779,0,NaN,NaN,NaN,NaN,NaN,NaN,NaN,NaN
884,2.36672546278661,0.666413801739496,150.056916196778,8.33299270599454,2.67729124749617,2.34684415192246,0,1334.5,4.99769168548532,1.71425665217731,58.3343222690651,3.93539949826886,3.74499189620481,1.6777567165224,0,NaN,NaN,NaN,NaN,NaN,NaN,NaN,NaN
892.5,2.31229832602791,0.697199991101325,143.430868153105,8.53058067239636,2.59081044933099,2.42518139789117,0,1343,4.93776806472254,1.71202243134482,58.4104496349666,3.98323523002616,3.67667018966682,1.70893362283033,0,NaN,NaN,NaN,NaN,NaN,NaN,NaN,NaN
901,2.26427020988869,0.726668719730924,137.614290094981,8.71291818898048,2.51306349599189,2.50020953199181,0,1351.5,4.87988610512206,1.70996758007641,58.4806408993621,4.03055934353192,3.61071853875106,1.74014818373324,0,NaN,NaN,NaN,NaN,NaN,NaN,NaN,NaN
909.5,2.22156244001182,0.754786090085257,132.487868170311,8.88175867026629,2.44261950523564,2.57231439186982,0,1360,4.8239474283179,1.70810192615291,58.5445156807626,4.07737646528213,3.54702016788081,1.77139824692159,0,NaN,NaN,NaN,NaN,NaN,NaN,NaN,NaN
918,2.18331514992203,0.781575002871105,127.946773671946,9.03864135201034,2.37833894327018,2.64183762577603,0,1368.5,4.76986430959386,1.70643022974515,58.6018685422226,4.12368734899679,3.48546898764622,1.80268002080911,0,NaN,NaN,NaN,NaN,NaN,NaN,NaN,NaN
926.5,2.14884448695903,0.807086300616367,123.902487161076,9.18487933342395,2.31931407119161,2.70907048994508,0,1377,4.71754898476948,1.70495285889584,58.652648064863,4.16949748542638,3.42596149946949,1.83399180292964,0,NaN,NaN,NaN,NaN,NaN,NaN,NaN,NaN
935,2.11759464279668,0.831386138725815,120.28105274074,9.32162241264695,2.26480710459538,2.77426951479919,0,1385.5,4.66692460657217,1.70367110338169,58.696775335043,4.21480735112169,3.36840462401456,1.86532973574033,0,NaN,NaN,NaN,NaN,NaN,NaN,NaN,NaN
943.5,2.08913609871087,0.854537095216357,117.022421331729,9.44975900183221,2.21424069815672,2.83762524661846,0,1394,4.61792063811868,1.70257968214286,58.7344023007137,4.25961575218834,3.31271207899475,1.89668922542952,0,NaN,NaN,NaN,NaN,NaN,NaN,NaN,NaN
952,2.06309929049216,0.87660895053751,114.075951356284,9.57013160205759,2.16712110345815,2.89932357594289,0,1402.5,4.57047351706212,1.70167338344919,58.7656838101952,4.30391871822751,3.25880464674661,1.9280644249272,0,NaN,NaN,NaN,NaN,NaN,NaN,NaN,NaN
960.5,2.03917754679621,0.897670310690427,111.399473513931,9.68347434743821,2.1230375291996,2.95952625460578,0,1411,4.52450186714638,1.70094645760551,58.7907982363971,4.34773281401013,3.2065923934418,1.95945868269073,0,NaN,NaN,NaN,NaN,NaN,NaN,NaN,NaN
969,2.01711590848885,0.917784562218093,108.958032327675,9.79042177931567,2.08164696438478,3.01837219023186,0,1419.5,4.47996173977481,1.70039097392804,58.8100040127782,4.39104271711684,3.1560139061464,1.99086109694985,0,NaN,NaN,NaN,NaN,NaN,NaN,NaN,NaN
977.5,1.99671584264684,0.937006340492443,106.722863740116,9.89144912206702,2.04267605385866,3.07595778357049,0,1428,4.43677431969377,1.70000037925556,58.8235162887377,4.43387009829462,3.10698481771272,2.02227744125415,0,NaN,NaN,NaN,NaN,NaN,NaN,NaN,NaN
986,1.97778576284334,0.955394548436973,104.668799046007,9.98708951714571,2.00586791363422,3.13240232044778,0,1436.5,4.39490801695827,1.6997621430544,58.8317609076199,4.47619328934683,3.05945563310704,2.0536938791293,0,NaN,NaN,NaN,NaN,NaN,NaN,NaN,NaN
994.5,1.96017204096203,0.973000140866954,102.774908039478,10.0777642841338,1.97101261031879,3.18779559008674,0,1445,4.35428681647718,1.69967264777243,58.8348586600242,4.5180381211176,3.01334727783888,2.08511821833087,0,NaN,NaN,NaN,NaN,NaN,NaN,NaN,NaN
1003,1.94374492305171,0.989868819636266,101.023487169487,10.1638350554632,1.93793112966272,3.24221289962617,0,1453.5,4.3148832695765,1.69971776622418,58.8332969079589,4.55938379168495,2.96861594054111,2.11653694281326,0,NaN,NaN,NaN,NaN,NaN,NaN,NaN,NaN
1011.5,1.92839051327548,1.00604215202582,99.3994136315606,10.2456326802449,1.90646615252149,3.29572350333598,0,1462,4.27662765047559,1.69989242776429,58.8272518700026,4.60025621604844,2.92518991140601,2.14795808049247,0,NaN,NaN,NaN,NaN,NaN,NaN,NaN,NaN
1020,1.91399720610225,1.02157137077994,97.8884127534358,10.3235215692364,1.87646784911986,3.34841085080497,0,1470.5,4.23948758635057,1.70018539272487,58.8171151380917,4.64064476739504,2.8830245401908,2.17937281476063,0,NaN,NaN,NaN,NaN,NaN,NaN,NaN,NaN
1028.5,1.90049016184495,1.0364825190679,96.4801606976727,10.3977054536491,1.84782708978604,3.40031020321664,0,1479,4.20341251656418,1.70058995171131,58.8031229394067,4.68056076033306,2.84206390572291,2.2107825564821,0,NaN,NaN,NaN,NaN,NaN,NaN,NaN,NaN
1037,1.88778998123505,1.05081270082703,95.1644378882142,10.4684426002992,1.82043392597402,3.451476715266,0,1487.5,4.16836107052829,1.70109606716298,58.7856276493401,4.72000815802517,2.80225954321229,2.24218535445758,0,NaN,NaN,NaN,NaN,NaN,NaN,NaN,NaN
1045.5,1.87581936293458,1.06459744089534,93.9322190328571,10.5360082058025,1.79418399132911,3.50197378727311,0,1496,4.13429863036564,1.7016951151939,58.7649333344919,4.75898555976599,2.76356860318559,2.27357674419115,0,NaN,NaN,NaN,NaN,NaN,NaN,NaN,NaN
1054,1.86452567199345,1.07786353228983,92.7761233257039,10.6005622446016,1.76899968879834,3.55182951527124,0,1504.5,4.10118738554286,1.70237934590087,58.7413141734762,4.79749726987566,2.7259470824479,2.3049549815682,0,NaN,NaN,NaN,NaN,NaN,NaN,NaN,NaN
1062.5,1.85384891546347,1.09064059928039,91.6892329755377,10.6623259192457,1.74479897925974,3.60109409844184,0,1513,4.06898881381389,1.70314028880267,58.7150692502856,4.83555068194249,2.68935149624183,2.33631985850859,0,NaN,NaN,NaN,NaN,NaN,NaN,NaN,NaN
1071,1.84374626919368,1.10295190128741,90.6657850476311,10.721438836093,1.72151845863088,3.64979258611992,0,1521.5,4.03766757637933,1.70397137669133,58.686431807425,4.8731516664368,2.65374142384445,2.36767050878574,0,NaN,NaN,NaN,NaN,NaN,NaN,NaN,NaN
1079.5,1.83417822951055,1.11482036485208,89.7005501090472,10.7780348751491,1.69909979574854,3.69794953945688,0,1530,4.00719217141169,1.70486482349195,58.6556767563408,4.91030350141432,2.61907985059588,2.39900486644196,0,NaN,NaN,NaN,NaN,NaN,NaN,NaN,NaN
1088,1.82510015475016,1.12626969274475,88.7886805835085,10.8322913092741,1.67748175988066,3.74560573918049,0,1538.5,3.97753030450264,1.70581361315211,58.6230519143377,4.94701231739929,2.5853300646751,2.43032229928026,0,NaN,NaN,NaN,NaN,NaN,NaN,NaN,NaN
1096.5,1.81647144025775,1.13732244556882,87.9258124110843,10.8843740298867,1.65660870064546,3.79279989579402,0,1547,3.94864654531289,1.706812009068,58.5887604895659,4.98329016085263,2.55245413400962,2.4616251565349,0,NaN,NaN,NaN,NaN,NaN,NaN,NaN,NaN
1105,1.80826984291948,1.147994540186,87.1084282193517,10.9343479983322,1.63644329675971,3.83953744050942,0,1555.5,3.92052125552848,1.7078525537543,58.5530640687772,5.01913100822142,2.52042510802217,2.49290696525006,0,NaN,NaN,NaN,NaN,NaN,NaN,NaN,NaN
1113.5,1.80046020424307,1.15830613451485,86.3329624356036,10.9823647886246,1.61693776761838,3.88585475149993,0,1564,3.89312870904306,1.7089284238134,58.5162015017894,5.05453782496547,2.48921272956717,2.52416566593411,0,NaN,NaN,NaN,NaN,NaN,NaN,NaN,NaN
1122,1.79302379231737,1.16827137196758,85.5965509379744,11.0284829559659,1.59806042096022,3.93175703794994,0,1572.5,3.86643051169652,1.71003569611871,58.4783114334815,5.08953182732429,2.45877933971162,2.55540837101572,0,NaN,NaN,NaN,NaN,NaN,NaN,NaN,NaN
1130.5,1.78592370737146,1.17791098086127,84.896058891379,11.0728805694933,1.57976444703358,3.97729251280336,0,1581,3.84040617754808,1.71116823088498,58.439607628925,5.12411273518946,2.42909941653895,2.5866315986902,0,NaN,NaN,NaN,NaN,NaN,NaN,NaN,NaN
1139,1.77915080529507,1.18723378725989,84.2294087930212,11.1155688593502,1.56202880183939,4.02245163455419,0,1589.5,3.81503574638408,1.71232002576581,58.4002981307635,5.15828073638987,2.40014831480596,2.61783210163308,0,NaN,NaN,NaN,NaN,NaN,NaN,NaN,NaN
1147.5,1.77267843421291,1.19625747655449,83.5940438909724,11.1566736747032,1.54481780759295,4.06726623443686,0,1598,3.79029401421021,1.71348663016269,58.3605370708411,5.19204438158351,2.3718986321716,2.64901089024492,0,NaN,NaN,NaN,NaN,NaN,NaN,NaN,NaN
1156,1.76648772820531,1.2049946185346,82.9879224868329,11.1962770254654,1.52810357111186,4.11175356563553,0,1606.5,3.76615453433386,1.71466372789338,58.3204732060547,5.22541549749261,2.34432277269459,2.68017074285279,0,NaN,NaN,NaN,NaN,NaN,NaN,NaN,NaN
1164.5,1.76056642975285,1.21345604866268,82.4092476280519,11.2344226360412,1.51186468849537,4.15591775837606,0,1615,3.74260222932378,1.71584613199259,58.2802840741153,5.25839153447681,2.31740076119119,2.71130717327887,0,NaN,NaN,NaN,NaN,NaN,NaN,NaN,NaN
1173,1.75489269535313,1.22165522651253,81.8561553454576,11.2712196937191,1.49607220405211,4.19978747694234,0,1623.5,3.71961357631226,1.71702978919182,58.2401077893172,5.29098283954104,2.2911078388126,2.7424223341822,0,NaN,NaN,NaN,NaN,NaN,NaN,NaN,NaN
1181.5,1.74946344682292,1.22959967561499,81.3272823530832,11.3066590575877,1.48071387797115,4.24334869866195,0,1632,3.69717152922131,1.71821032724955,58.2000925114192,5.32319185950788,2.26542373114051,2.7735143853271,0,NaN,NaN,NaN,NaN,NaN,NaN,NaN,NaN
1190,1.74424959206375,1.23730413613338,80.8208726372671,11.3409042698845,1.46575595971743,4.28665172092553,0,1640.5,3.67524915034795,1.71938512142271,58.1603264760455,5.35503650199128,2.24032255431146,2.80458958692698,0,NaN,NaN,NaN,NaN,NaN,NaN,NaN,NaN
1198.5,1.7392425857905,1.2447777782428,80.3356243563133,11.3739880372014,1.45118279999208,4.32969940603892,0,1649,3.65383588181429,1.72054921186681,58.1209763198223,5.38651215286463,2.21578889133674,2.83564257034842,0,NaN,NaN,NaN,NaN,NaN,NaN,NaN,NaN
1207,1.7344427786294,1.25202563989308,79.8705687916579,11.4058856957523,1.43698656058774,4.37247325723751,0,1657.5,3.632919239365,1.7216990845882,58.0821590109159,5.41761764910612,2.1918064792549,2.86666973870592,0,NaN,NaN,NaN,NaN,NaN,NaN,NaN,NaN
1215.5,1.72982519070988,1.2590611108225,79.4242623653694,11.4367428671156,1.4231387829781,4.4150193799309,0,1666,3.61247273336903,1.72283226961954,58.0439557369581,5.44837372747955,2.16835098041358,2.89767909528242,0,NaN,NaN,NaN,NaN,NaN,NaN,NaN,NaN
1224,1.72539079567047,1.2658889569533,78.9958704124225,11.466534500666,1.40963300299875,4.4573199505213,0,1674.5,3.59248423653839,1.72394515199389,58.0064858121163,5.47878082532825,2.14540712841946,2.92866804810537,0,NaN,NaN,NaN,NaN,NaN,NaN,NaN,NaN
1232.5,1.7211247474154,1.27251871435567,78.5843059688394,11.4953429987885,1.39645009932284,4.49939837465471,0,1683,3.57293541400896,1.72503484486804,57.9698435063494,5.50884967648398,2.12295627689184,2.95963952511478,0,NaN,NaN,NaN,NaN,NaN,NaN,NaN,NaN
1241,1.71702065484969,1.27895720030891,78.1886993371215,11.5231957198225,1.38357828755011,4.54125752313239,0,1691.5,3.55381111618811,1.72609875204865,57.9341129128985,5.53858715349232,2.10098203735626,2.99059449127226,0,NaN,NaN,NaN,NaN,NaN,NaN,NaN,NaN
1249.5,1.71306535567901,1.28521299092399,77.8081148464788,11.5501675612221,1.37100068481713,4.58291916026114,0,1700,3.53511108566861,1.72713336830635,57.8994082536088,5.56797750403521,2.07947710921683,3.02152174665964,0,NaN,NaN,NaN,NaN,NaN,NaN,NaN,NaN
1258,1.70926021496073,1.29129018677785,77.4419267055145,11.5762357223353,1.3587124125284,4.62436734164173,0,NaN,NaN,NaN,NaN,NaN,NaN,NaN,NaN,NaN,NaN,NaN,NaN,NaN,NaN,NaN,NaN
1266.5,1.70558652624724,1.29719843394358,77.0892080836026,11.6015160131816,1.34669287504717,4.66564086259052,0,NaN,NaN,NaN,NaN,NaN,NaN,NaN,NaN,NaN,NaN,NaN,NaN,NaN,NaN,NaN,NaN
1275,1.70204602668755,1.30294150938919,76.7494160554295,11.6259852175532,1.3349380601471,4.70672422545749,0,NaN,NaN,NaN,NaN,NaN,NaN,NaN,NaN,NaN,NaN,NaN,NaN,NaN,NaN,NaN,NaN
1283.5,1.6986338875245,1.30852463434788,76.4219468056377,11.6496658641034,1.32343894625984,4.74762007339777,0,NaN,NaN,NaN,NaN,NaN,NaN,NaN,NaN,NaN,NaN,NaN,NaN,NaN,NaN,NaN,NaN
1292,1.69533962377442,1.3139548097681,76.1061181530654,11.6726208068971,1.31218237134243,4.78834759893287,0,NaN,NaN,NaN,NaN,NaN,NaN,NaN,NaN,NaN,NaN,NaN,NaN,NaN,NaN,NaN,NaN
1300.5,1.69215353348001,1.31923842519947,75.8013093689871,11.6949088207514,1.30115611955403,4.82892499428367,0,NaN,NaN,NaN,NaN,NaN,NaN,NaN,NaN,NaN,NaN,NaN,NaN,NaN,NaN,NaN,NaN
1309,1.68908295451585,1.32437693542138,75.5072044260439,11.7164700586952,1.29036130979057,4.86932245992356,0,NaN,NaN,NaN,NaN,NaN,NaN,NaN,NaN,NaN,NaN,NaN,NaN,NaN,NaN,NaN,NaN
1317.5,1.68611320388926,1.32937789768489,75.223155262435,11.7373996061189,1.27978231794251,4.90957346346289,0,NaN,NaN,NaN,NaN,NaN,NaN,NaN,NaN,NaN,NaN,NaN,NaN,NaN,NaN,NaN,NaN
1326,1.68324097070878,1.33424551483539,74.9487248696784,11.7577136652176,1.26941249676379,4.94967973231539,0,NaN,NaN,NaN,NaN,NaN,NaN,NaN,NaN,NaN,NaN,NaN,NaN,NaN,NaN,NaN,NaN
1334.5,1.68047041570486,1.3389817814661,74.683615105283,11.7773758233992,1.25925096718236,4.98962118825173,0,NaN,NaN,NaN,NaN,NaN,NaN,NaN,NaN,NaN,NaN,NaN,NaN,NaN,NaN,NaN,NaN
1343,1.67777900008947,1.34359607250954,74.4271303303398,11.7965398778435,1.249276991876,5.02945731654299,0,NaN,NaN,NaN,NaN,NaN,NaN,NaN,NaN,NaN,NaN,NaN,NaN,NaN,NaN,NaN,NaN
1351.5,1.67518286163821,1.34808672833726,74.179203680271,11.8150851399125,1.23949897272527,5.06913312994912,0,NaN,NaN,NaN,NaN,NaN,NaN,NaN,NaN,NaN,NaN,NaN,NaN,NaN,NaN,NaN,NaN
1360,1.67266975398214,1.3524600096963,73.9393396352293,11.8330933168058,1.22990423086922,5.10867850478002,0,NaN,NaN,NaN,NaN,NaN,NaN,NaN,NaN,NaN,NaN,NaN,NaN,NaN,NaN,NaN,NaN
1368.5,1.67022843187191,1.35672173943776,73.7070816315223,11.8506401327245,1.22048113399482,5.14812161545978,0,NaN,NaN,NaN,NaN,NaN,NaN,NaN,NaN,NaN,NaN,NaN,NaN,NaN,NaN,NaN,NaN
1377,1.66787353351802,1.36087047902371,73.4823787725489,11.8676155298051,1.21123713400001,5.18741139187986,0,NaN,NaN,NaN,NaN,NaN,NaN,NaN,NaN,NaN,NaN,NaN,NaN,NaN,NaN,NaN,NaN
1385.5,1.66558590154778,1.36491398783233,73.2646898569877,11.8841530146627,1.20215510757689,5.22660118280762,0,NaN,NaN,NaN,NaN,NaN,NaN,NaN,NaN,NaN,NaN,NaN,NaN,NaN,NaN,NaN,NaN
1394,1.6633714335883,1.36885308064416,73.0538590401109,11.900205880438,1.19323632251672,5.26566715127092,0,NaN,NaN,NaN,NaN,NaN,NaN,NaN,NaN,NaN,NaN,NaN,NaN,NaN,NaN,NaN,NaN
1402.5,1.66122022069505,1.37269283296347,72.8495098092069,11.9158420979057,1.18447074559362,5.30463528166806,0,NaN,NaN,NaN,NaN,NaN,NaN,NaN,NaN,NaN,NaN,NaN,NaN,NaN,NaN,NaN,NaN
1411,1.65913045602165,1.37643588279848,72.6514044349721,11.9310713677157,1.1758543274427,5.34350655565008,0,NaN,NaN,NaN,NaN,NaN,NaN,NaN,NaN,NaN,NaN,NaN,NaN,NaN,NaN,NaN,NaN
1419.5,1.65711466983401,1.38008110634138,72.4595094741218,11.9457987241803,1.16739321580416,5.3822355844782,0,NaN,NaN,NaN,NaN,NaN,NaN,NaN,NaN,NaN,NaN,NaN,NaN,NaN,NaN,NaN,NaN
1428,1.65514957358223,1.38363682197537,72.2733006319053,11.960191043923,1.1590683288391,5.42089292826483,0,NaN,NaN,NaN,NaN,NaN,NaN,NaN,NaN,NaN,NaN,NaN,NaN,NaN,NaN,NaN,NaN
1436.5,1.6532473258678,1.38710271785459,72.0927143410605,11.9741563848237,1.15088571240362,5.45943462453554,0,NaN,NaN,NaN,NaN,NaN,NaN,NaN,NaN,NaN,NaN,NaN,NaN,NaN,NaN,NaN,NaN
1445,1.65139291299581,1.39048205956885,71.9175046609427,11.9878022138985,1.14283246574104,5.49790585718565,0,NaN,NaN,NaN,NaN,NaN,NaN,NaN,NaN,NaN,NaN,NaN,NaN,NaN,NaN,NaN,NaN
1453.5,1.64959780873861,1.393776361071,71.7475219074302,12.0010414998876,1.13491421309846,5.53626453406174,0,NaN,NaN,NaN,NaN,NaN,NaN,NaN,NaN,NaN,NaN,NaN,NaN,NaN,NaN,NaN,NaN
1462,1.64785398065282,1.39698868794966,71.5825409773137,12.0139308581803,1.12712310578168,5.57453331845421,0,NaN,NaN,NaN,NaN,NaN,NaN,NaN,NaN,NaN,NaN,NaN,NaN,NaN,NaN,NaN,NaN
1470.5,1.64615400371275,1.40012270337164,71.4223116011116,12.0265229771567,1.11945188963805,5.61273366487516,0,NaN,NaN,NaN,NaN,NaN,NaN,NaN,NaN,NaN,NaN,NaN,NaN,NaN,NaN,NaN,NaN
1479,1.64450839615235,1.40317742177316,71.2668251700004,12.0387377310621,1.11190560929841,5.65082616243311,0,NaN,NaN,NaN,NaN,NaN,NaN,NaN,NaN,NaN,NaN,NaN,NaN,NaN,NaN,NaN,NaN
1487.5,1.64290416983676,1.40615719213469,71.1158045198273,12.0506694174752,1.10447339148689,5.68885167864557,0,NaN,NaN,NaN,NaN,NaN,NaN,NaN,NaN,NaN,NaN,NaN,NaN,NaN,NaN,NaN,NaN
1496,1.64134576736856,1.40906441540663,70.9690762938911,12.0622831250729,1.09715626161,5.72679164038081,0,NaN,NaN,NaN,NaN,NaN,NaN,NaN,NaN,NaN,NaN,NaN,NaN,NaN,NaN,NaN,NaN
1504.5,1.63982655324367,1.41190036535224,70.8265274618383,12.0736265227916,1.08994785858669,5.76466594954997,0,NaN,NaN,NaN,NaN,NaN,NaN,NaN,NaN,NaN,NaN,NaN,NaN,NaN,NaN,NaN,NaN
1513,1.63835073463944,1.41466608452896,70.6880592484812,12.0846665080956,1.08284913062752,5.80245680535238,0,NaN,NaN,NaN,NaN,NaN,NaN,NaN,NaN,NaN,NaN,NaN,NaN,NaN,NaN,NaN,NaN
1521.5,1.63691707198656,1.4173633901523,70.5535367251548,12.0954106416711,1.07585742490079,5.84016539901555,0,NaN,NaN,NaN,NaN,NaN,NaN,NaN,NaN,NaN,NaN,NaN,NaN,NaN,NaN,NaN,NaN
1530,1.63552191101625,1.41999455491151,70.4228052523986,12.105884736262,1.06896856929166,5.87780173119874,0,NaN,NaN,NaN,NaN,NaN,NaN,NaN,NaN,NaN,NaN,NaN,NaN,NaN,NaN,NaN,NaN
1538.5,1.63415468051458,1.42256364741027,70.2956245100503,12.1161668949087,1.06217398798478,5.91540122263816,0,NaN,NaN,NaN,NaN,NaN,NaN,NaN,NaN,NaN,NaN,NaN,NaN,NaN,NaN,NaN,NaN
1547,1.63283351393118,1.42506729839909,70.1721245813016,12.1261193692438,1.05548384869501,5.9528957406104,0,NaN,NaN,NaN,NaN,NaN,NaN,NaN,NaN,NaN,NaN,NaN,NaN,NaN,NaN,NaN,NaN
1555.5,1.63153879648348,1.42751182419265,70.0519591538631,12.1358885985273,1.04888382930471,5.99035387107131,0,NaN,NaN,NaN,NaN,NaN,NaN,NaN,NaN,NaN,NaN,NaN,NaN,NaN,NaN,NaN,NaN
1564,1.63028769988729,1.42989395345677,69.9352562183021,12.145343771224,1.04238343982563,6.0277102140366,0,NaN,NaN,NaN,NaN,NaN,NaN,NaN,NaN,NaN,NaN,NaN,NaN,NaN,NaN,NaN,NaN
1572.5,1.62906164965851,1.43221982303546,69.8216840680638,12.1546240720068,1.03596925256503,6.06503068659866,0,NaN,NaN,NaN,NaN,NaN,NaN,NaN,NaN,NaN,NaN,NaN,NaN,NaN,NaN,NaN,NaN
1581,1.6278601443806,1.43449048064915,69.7111631962499,12.1637324625608,1.02963956001303,6.10231536470888,0,NaN,NaN,NaN,NaN,NaN,NaN,NaN,NaN,NaN,NaN,NaN,NaN,NaN,NaN,NaN,NaN
1589.5,1.62669911950511,1.43670304412082,69.6038060260355,12.1725470586342,1.02340303208878,6.13950233697816,0,NaN,NaN,NaN,NaN,NaN,NaN,NaN,NaN,NaN,NaN,NaN,NaN,NaN,NaN,NaN,NaN
1598,1.6255613378034,1.43886297189386,69.4993213067248,12.1811976907371,1.01724739537134,6.17665411164403,0,NaN,NaN,NaN,NaN,NaN,NaN,NaN,NaN,NaN,NaN,NaN,NaN,NaN,NaN,NaN,NaN
1606.5,1.62445411176263,1.44096942396877,69.3977251263087,12.1896279114828,1.01117591768605,6.21374104869695,0,NaN,NaN,NaN,NaN,NaN,NaN,NaN,NaN,NaN,NaN,NaN,NaN,NaN,NaN,NaN,NaN
1615,1.62336905186818,1.44302555391585,69.2988420950939,12.1979007803594,1.00518207546018,6.25079322500168,0,NaN,NaN,NaN,NaN,NaN,NaN,NaN,NaN,NaN,NaN,NaN,NaN,NaN,NaN,NaN,NaN
1623.5,1.62232054916744,1.44502862571524,69.2027813293341,12.20590568379,0.999273513500119,6.28775327504849,0,NaN,NaN,NaN,NaN,NaN,NaN,NaN,NaN,NaN,NaN,NaN,NaN,NaN,NaN,NaN,NaN
1632,1.62128586950036,1.44698540785925,69.1091972709975,12.2138154413109,0.99343496905659,6.32470720569296,0,NaN,NaN,NaN,NaN,NaN,NaN,NaN,NaN,NaN,NaN,NaN,NaN,NaN,NaN,NaN,NaN
1640.5,1.62027897664073,1.44889327355489,69.0181960432794,12.221522704691,0.987673865675547,6.36159923385442,0,NaN,NaN,NaN,NaN,NaN,NaN,NaN,NaN,NaN,NaN,NaN,NaN,NaN,NaN,NaN,NaN
1649,1.61929912436084,1.45075319794627,68.929711918997,12.2290324041183,0.981988553281285,6.39843029349427,0,NaN,NaN,NaN,NaN,NaN,NaN,NaN,NaN,NaN,NaN,NaN,NaN,NaN,NaN,NaN,NaN
1657.5,1.61834558647323,1.4525662728808,68.8436747203795,12.236349362915,0.976377427736486,6.43520131528005,0,NaN,NaN,NaN,NaN,NaN,NaN,NaN,NaN,NaN,NaN,NaN,NaN,NaN,NaN,NaN,NaN
1666,1.61740461964175,1.45433687497362,68.7598600577423,12.2435785144492,0.970831104226739,6.47196539112136,0,NaN,NaN,NaN,NaN,NaN,NaN,NaN,NaN,NaN,NaN,NaN,NaN,NaN,NaN,NaN,NaN
1674.5,1.61648892291561,1.4560625070668,68.6783702723361,12.2506217943486,0.965356179704752,6.50867051900083,0,NaN,NaN,NaN,NaN,NaN,NaN,NaN,NaN,NaN,NaN,NaN,NaN,NaN,NaN,NaN,NaN
1683,1.61559781765428,1.4577440966186,68.5991459214009,12.2574837697702,0.959951169135045,6.54531762572985,0,NaN,NaN,NaN,NaN,NaN,NaN,NaN,NaN,NaN,NaN,NaN,NaN,NaN,NaN,NaN,NaN
1691.5,1.61472455190258,1.459384169498,68.5220534044837,12.2642158929802,0.954611026841608,6.58193246307652,0,NaN,NaN,NaN,NaN,NaN,NaN,NaN,NaN,NaN,NaN,NaN,NaN,NaN,NaN,NaN,NaN
1700,1.61386876852188,1.46098355338289,68.4470401931981,12.2708204775276,0.949334569718756,6.6185152290841,0,NaN,NaN,NaN,NaN,NaN,NaN,NaN,NaN,NaN,NaN,NaN,NaN,NaN,NaN,NaN,NaN
