A0 f (kHz),A0 Phase velocity (m/ms),A0 Energy velocity (m/ms),A0 Propagation time (micsec),A0 Coincidence angle (deg),A0 Wavelength (mm),A0 Wavenumber (rad/mm),A0 Attenuation (Np/m),A1 f (kHz),A1 Phase velocity (m/ms),A1 Energy velocity (m/ms),A1 Propagation time (micsec),A1 Coincidence angle (deg),A1 Wavelength (mm),A1 Wavenumber (rad/mm),A1 Attenuation (Np/m)
0.001,0.00288033113479614,0.23500417876775,425.524348223731,90,2880.33113479614,0.00218141075214405,0,685.334147135416,20.0306962109944,0.802249128319614,124.649558933718,0.981164744037315,29.2276348620879,0.214974127630481,0
8.5,0.262468905544281,0.513038255294211,194.917238564702,90,30.8786947699154,0.203479627425871,0,685.482421874999,19.9306962109944,0.806035529796791,124.064009963941,0.986088111375427,29.0754300547605,0.216099479710046,0
17,0.366926874283546,0.701589607643884,142.533468156442,69.1944322455363,21.5839337813851,0.291104734235169,0,685.623860677083,19.8306962109944,0.809833487809994,123.482174428754,0.991061140109919,28.9235794556664,0.217234015478974,0
25.5,0.444278157036319,0.831694692844859,120.236429137169,50.5373310134758,17.4226728249537,0.360632686517563,0,685.772135416666,19.7306962109944,0.813682262846207,122.898094951961,0.996084585480186,28.7715046908494,0.218382228343376,0
34,0.507222947836451,0.930410478033836,107.479443064014,42.5498357397625,14.9183219951897,0.421172388503582,0,685.927246093749,19.6306962109944,0.817570195002838,122.313656504629,1.00115921811845,28.6192104524032,0.219544327319204,0
42.5,0.560756003419355,1.00871164722398,99.1363590132073,37.7106598295919,13.1942589039848,0.476206003906895,0,686.075520833333,19.5306962109944,0.821484179203742,121.73088968911,1.00628582444394,28.467268715945,0.22071612734875,0
51,0.607483884959579,1.07245649799082,93.2438753341915,34.376187436828,11.9114487246976,0.527491277710981,0,686.230631510416,19.4306962109944,0.825436154796997,121.148073559479,1.01146520706928,28.3151105747448,0.221902199201856,0
59.5,0.648963293355002,1.12526590629755,88.8678839733351,31.9065433384864,10.9069461068068,0.576071912857294,0,686.392578125,19.3306962109944,0.829423485592404,120.565672104855,1.01669818521942,28.1627407216429,0.223102764368064,0
68,0.686252101729276,1.16955170921574,85.5028462718048,29.9878485652975,10.0919426724894,0.622594232952547,0,686.554524739583,19.2306962109944,0.833477709954897,119.979213367819,1.02198559516375,28.0104427514898,0.224315815459411,0
76.5,0.720069550547101,1.20704924942435,82.8466610187535,28.4468205561505,9.41267386336079,0.667523957420551,0,686.716471354166,19.1306962109944,0.837516292510243,119.40066228476,1.0273282906617,27.8582166134296,0.225541548275228,0
85,0.750965847970917,1.23902736909747,80.7084673786034,27.1772758236715,8.83489232906961,0.711178481089792,0,686.87841796875,19.0306962109944,0.841611552383137,118.819661774885,1.03272714342238,27.7060622566543,0.226780162730289,0
93.5,0.779351255500946,1.26647472691711,78.9593332378793,26.1108767682954,8.33530754546467,0.753803656662715,0,687.047200520833,18.9306962109944,0.84575103979531,118.238104707743,1.03818304357885,27.5537054756114,0.228034131842667,0
102,0.805568429539531,1.29015066901407,77.5103268181999,25.2004437119835,7.89772970136795,0.795568542449774,0,687.222819010416,18.8306962109944,0.849934934324,117.65606514284,1.04369690017748,27.4011509660144,0.229303700234075,0
110.5,0.82986300014749,1.31067750432918,76.2964189662973,24.4136410544866,7.51007239952479,0.836634452096249,0,687.3916015625,18.7306962109944,0.854142557230075,117.076475295053,1.04926964168298,27.2489453877788,0.23058453153925,0
119,0.852464928400164,1.32854609200291,75.270252648322,23.7259589672956,7.16357082689214,0.877102419870329,0,687.574055989583,18.6306962109944,0.858412149530162,116.494157328427,1.05490221649973,27.0962757374264,0.23188372335985,0
127.5,0.873561119062031,1.34415304731002,74.3962900654239,23.1192218500417,6.85145975734926,0.917057901484408,0,687.749674479167,18.5306962109944,0.862701075075495,115.915005659694,1.06059559350995,26.9439548990375,0.233194619376535,0
136,0.893296950505498,1.35784619032923,73.6460437951029,22.5798649606097,6.56835993018748,0.956583587678065,0,687.93212890625,18.4306962109944,0.86704497488833,115.334270881253,1.06635076262946,26.7914456042307,0.23452207096236,0
144.5,0.911802303932638,1.36989957897275,72.9980514885531,22.0971413859835,6.31005054624663,0.995742468484183,0,688.121419270833,18.3306962109944,0.871434612322624,114.75330287085,1.07216873538158,26.6387525480873,0.23586634906561,0
153,0.929199075548941,1.380547610602,72.4350245019035,21.6622869711217,6.0731965722153,1.03457631125015,0,688.310709635417,18.2306962109944,0.875857722310854,114.17379495857,1.07805054548996,26.4861434753075,0.237225374582648,0
161.5,0.945590839576449,1.38998590525797,71.9431755543167,21.2683290084599,5.85505163824427,1.07312209957959,0,688.5,18.1306962109944,0.880319664129757,113.595099683313,1.08399724949103,26.3336183166222,0.238599391531909,0
170,0.961050662186011,1.398386067541,71.5110099572471,20.9100010197075,5.65323918932948,1.11143100384628,0,697,14.9051346563707,1.05139923936058,95.111349006507,1.31861856803382,21.3846982157399,0.293816879891947,0
178.5,0.975671630895433,1.4058829410022,71.1296773604166,20.582314866102,5.46594751201923,1.1495143876452,0,705.5,12.9794515835939,1.18543287574911,84.3573702448624,1.51429668348863,18.3975217343642,0.341523461578166,0
187,0.989508186061423,1.41260603977836,70.791145715114,20.2817471999401,5.29148762599692,1.18741377685747,0,714,11.6658577290319,1.29486704631601,77.2280059829362,1.68485553797603,16.3387363151707,0.384557605066775,0
195.5,1.00262774688318,1.41865098438776,70.4895010122285,20.0049328893432,5.12853067459427,1.22514336090554,0,722.5,10.6971775991382,1.38630372420988,72.1342648466118,1.83747734481516,14.8057821441359,0.424373751147498,0
204,1.01509148981474,1.42410588382181,70.2194978168579,19.7490173835035,4.97593867556244,1.26271357362928,0,731,9.94515150257827,1.46378801539984,68.3159029503906,1.97647572914281,13.6048584166597,0.461833935697968,0
212.5,1.02693980500999,1.42905015105248,69.9765504565048,19.5118645442326,4.83265790592936,1.3001510616902,0,739.5,9.33955511285175,1.53003440231248,65.3580075381711,2.10469048806624,12.629553905141,0.497498593724832,0
221,1.038224775629,1.43354627117141,69.7570786594045,19.2913327962643,4.69784966347964,1.3374598502,0,748,8.83831485166356,1.58698152912222,63.012705671068,2.22411048838178,11.8159289460743,0.53175550867434,0
229.5,1.0489800744703,1.43765089489781,69.5579158715777,19.0858357400101,4.5707192787377,1.37466007514572,0,756.5,8.41447311521244,1.63608155100691,61.1216475966349,2.33620081680501,11.1228990287012,0.564887381515075,0
238,1.05924369125398,1.44141204228743,69.3764149779868,18.8938549837725,4.45060374476462,1.41176021670558,0,765,8.04989776889384,1.67845844660564,59.5784782174564,2.44206876406386,10.5227421815606,0.597105317109248,0
246.5,1.06905063221763,1.44487017265303,69.2103705181917,18.7140600524686,4.3369194004772,1.44876690733248,0,773.5,7.73184031137769,1.71501122123258,58.3086563877583,2.54259054276796,9.99591507611854,0.628575298942954,0
255,1.07843318834588,1.44806079047831,69.0578742671216,18.5452804020788,4.22914975821913,1.48568522430981,0,782,7.45108162086727,1.74647221320444,57.2582828652735,2.63846256013118,9.52823736683795,0.659427873726947,0
263.5,1.08740972443659,1.45101532177801,68.9172598656396,18.3866828646727,4.12679212309903,1.52253496656895,0,790.5,7.20075812029973,1.7734510215679,56.3872352739636,2.73025305103006,9.10911843175171,0.689768758003875,0
272,1.09601972594206,1.45376191012241,68.787054677736,18.2371359342302,4.0294842865517,1.55930259565711,0,799,6.97563710202452,1.79646274072446,55.664945190944,2.8184350761563,8.73045945184546,0.719685526499002,0
280.5,1.10427815939289,1.45632668452982,68.6659120252852,18.0960045424168,3.93682053259499,1.59600501347669,0,807.5,6.77167099206314,1.81595001547993,55.0675950040241,2.90339941923918,8.38597026880885,0.749249652189866,0
289,1.11220442074631,1.45870689865474,68.5538678758719,17.9626253527081,3.84845820327443,1.63265000561357,0,816,6.58563358701408,1.83229374157026,54.5764020971336,2.98549076574245,8.07062939585059,0.778524821175658,0
297.5,1.11982396519921,1.46094488524041,68.4488518425829,17.8362802961737,3.76411416873683,1.66923345720093,0,824.5,6.41496213289382,1.84583228516465,54.1761029990218,3.06499525991179,7.78042708659044,0.807563034426305,0
306,1.12714866155743,1.46304781783085,68.350465911813,17.7165174434616,3.68349235803082,1.70576851978011,0,833,6.2575832221138,1.85686095050154,53.8543287115762,3.14215664937392,7.51210470841992,0.836408110783799,0
314.5,1.13420780190755,1.46502702037398,68.2581267166477,17.6026345386088,3.60638410781415,1.74223962820973,0,841.5,6.11177765847566,1.86564184215515,53.6008561452942,3.21719543710886,7.26295621922242,0.865100259113537,0
323,1.14100239683683,1.46689156347443,68.1713648711318,17.4944169523119,3.53251516048555,1.77867185892444,0,850,5.9761291338854,1.87241443654202,53.4069798055395,3.29030008698,7.03074015751224,0.893673378110283,0
331.5,1.1475506545232,1.4686555103177,68.0894868112183,17.3913953177776,3.46169126553001,1.81506229909778,0,858.5,5.84944951284857,1.87739008681741,53.2654351922792,3.36163804896774,6.81356961310259,0.922157644811749,0
340,1.15386949937314,1.47032386189486,68.0122268240455,17.293145606199,3.3937338216857,1.85140781137004,0,867,5.73074551206739,1.88076138747698,53.1699558837439,3.43135197559215,6.60985641530264,0.950578183912321,0
348.5,1.15997468211084,1.47190229073055,67.9392923224321,17.1992837982715,3.32847828439266,1.88770506229277,0,875.5,5.61916342856711,1.88270493761713,53.1150675827974,3.49957379996032,6.41823349922,0.978958666421714,0
357,1.16586597477949,1.47339945853082,67.8702570582684,17.1096867562,3.26573102179128,1.92397514224341,0,884,5.51397169822033,1.88337855426357,53.0960702369799,3.56642178998811,6.23752454549811,1.00732033378761,0
365.5,1.17156525388093,1.47481919590905,67.8049216320119,17.0239078684111,3.2053768916031,1.96020172343515,0,892.5,5.41455517878896,1.88292833239294,53.1087658938745,3.63199183222532,6.0667284916403,1.03567933126356,0
374,1.17707182054206,1.4761670521418,67.7430104234533,16.941855281028,3.14725085706432,1.99640435177779,0,901,5.32035914543343,1.88149173187707,53.1493167393487,3.69638419599691,5.90494910702933,1.06405409992442,0
382.5,1.18240563480671,1.47744567557482,67.6843836989767,16.8631391679935,3.09125656158616,2.03256675141697,0,909.5,5.23092047637575,1.87918646342958,53.2145169976887,3.75967534885846,5.75142438304095,1.09245725731988,0
391,1.18757211627521,1.47865901489932,67.6288441029179,16.7875975339455,3.03726883957855,2.06869580502839,0,918,5.14583024653447,1.87612592220187,53.3013263217627,3.82193606841268,5.60547957138831,1.1209005807907,0
399.5,1.19257651452382,1.47981033131704,67.5762277662974,16.7150781169828,2.98517275224986,2.10479788898116,0,926.5,5.06472496939087,1.87241388754445,53.4069954646319,3.88323276676417,5.46651372843051,1.14939532201331,0
408,1.1974239144387,1.48090156376246,67.5264328480651,16.6454376698479,2.93486253538897,2.14087891048255,0,935,4.9872858745583,1.8681440357919,53.5290631150988,3.9436235598239,5.33399558776289,1.17795097573652,0
416.5,1.20212515861884,1.4819345115009,67.4793651297858,16.5784573432065,2.88625488263828,2.17693362598532,0,943.5,4.9132339269296,1.86340282519308,53.6652615569789,4.0031577849714,5.2074551424797,1.20657502278313,0
425,1.20669039268293,1.48291683806273,67.4346648667358,16.5139363273844,2.83927151219514,2.21295683776358,0,952,4.84230729100368,1.85826875336597,53.8135292964837,4.06189087690689,5.08645723844924,1.23527732813403,0
433.5,1.21112355149395,1.48383738651879,67.392829503109,16.4517678380885,2.79382595500335,2.24895373168371,0,960.5,4.77430265773843,1.85281670239364,53.9718796094673,4.1198472105393,4.9706430585512,1.26405884171674,0
442,1.21542304450586,1.48470982754723,67.3532283174836,16.3919258374148,2.74982589254719,2.28493932077984,0,969,4.70899955965513,1.84710628918653,54.1387361330681,4.17708084507204,4.85964866837474,1.2929299494568,0
450.5,1.21960339873435,1.48553100985847,67.3159963247937,16.3341640468598,2.70722175079767,2.32089791142091,0,977.5,4.64623622670605,1.84120353154311,54.312300778714,4.23360885354961,4.75318284062,1.32189009298872,0
459,1.223662812539,1.486301223629,67.2811126104282,16.2784672053896,2.66593205346187,2.35684375339593,0,986,4.5858438273104,1.83515703810156,54.4912494809973,4.28946627571951,4.65095722850953,1.35094454721381,0
467.5,1.22761221781525,1.48702346495556,67.2484344441654,16.2246482626266,2.62590848730534,2.39276628928804,0,994.5,4.52767362219965,1.82901851280498,54.6741322189464,4.34468125909541,4.55271354670653,1.38009678024327,0
476,1.23145459575125,1.48769651526183,67.2180105109679,16.1726330743668,2.58708948687237,2.42866949097133,0,1003,4.47160235998261,1.82283051279995,54.8597356132664,4.39926765008803,4.45822767695176,1.40934599183046,0
484.5,1.23519284674611,1.48832289768242,67.1897208298803,16.1223510740902,2.54941764034285,2.46455708462683,0,1011.5,4.41750150917732,1.81662945024388,55.0469992582005,4.45325328404069,4.36727781431272,1.43869604232365,0
493,1.23882066600992,1.48890289587789,67.1635472513726,16.0738566865648,2.51282082354954,2.50045098651488,0,1020,4.36526546440157,1.81045145196378,55.2348420564003,4.50665172872733,4.27967202392311,1.46814645422756,0
501.5,1.24236788675005,1.48943585190745,67.1395145161403,16.026724870762,2.47730386191436,2.53629980713153,0,1028.5,4.31479759396318,1.80432696982602,55.4223273676623,4.5594745154438,4.1952334408976,1.49769622970855,0
510,1.24581031898687,1.48992406900281,67.1175142951605,15.9812525566107,2.44276533134681,2.57216083204987,0,1037,4.26600308060884,1.7982819525324,55.6086323722355,4.61173802559234,4.11379274889956,1.52734609901297,0
518.5,1.24916786703035,1.49036790487848,67.0975265051441,15.9371528113854,2.4091955005407,2.60800142859699,0,1045.5,4.21879422601732,1.79233667254536,55.7930892849426,4.66345759729337,4.03519294693192,1.55709662209756,0
527,1.25244262397218,1.49076840259884,67.0795006291192,15.8943775199208,2.37655146863791,2.64382462997139,0,1054,4.17310714416842,1.7865152001418,55.9748945836356,4.71462793850425,3.95930469086188,1.58694159650841,0
535.5,1.25562863628008,1.49112280597334,67.0635574745463,15.8529842142106,2.34477803226905,2.67965036379129,0,1062.5,4.1288522376424,1.78082828029911,56.1536455290365,4.76527767001415,3.88597857660462,1.61688624456328,0
544,1.25873608724933,1.49143438412214,67.0495471102206,15.8128215672769,2.31385310156127,2.71546421980721,0,1071,4.08597829525011,1.77529403832916,56.3286970163637,4.81539690753098,3.81510578454725,1.64692295889385,0
552.5,1.26176691406139,1.49170484916645,67.0373901753281,15.7738474493122,2.28374102092559,2.75126875140731,0,1079.5,4.04441188339329,1.76991873888583,56.4997690588611,4.86500578204484,3.74656033663112,1.6770543492246,0
561,1.26472300613027,1.49193187110607,67.0271893353032,15.7360214706452,2.25440821057089,2.78706636966535,0,1088,4.00410220747676,1.76471259793181,56.6664510227881,4.91410209563344,3.68024099951908,1.70727550396853,0
569.5,1.26760620628047,1.49211446563258,67.0189870169279,15.6993048938859,2.22582301366192,2.8228593507273,0,1096.5,3.9649955236387,1.75968396462655,56.8283862387883,4.96269077264788,3.61604698918258,1.73758397663962,0
578,1.27041831189571,1.49225997810914,67.0124518964259,15.663660551379,2.19795555691299,2.85864984276765,0,1105,3.92704543490132,1.75483537532905,56.9854023949392,5.01077115580284,3.55388727140391,1.7679754104011,0
586.5,1.27316107603948,1.49236162268107,67.0078876863285,15.6290527675946,2.17077762325572,2.8944398725449,0,1113.5,3.89019370022771,1.75016654511453,57.1374194525335,5.05836122372897,3.493662954852,1.79845205114978,0
595,1.27583620854787,1.49242116678062,67.0052142289801,15.595447286113,2.14426253537457,2.93023135158308,0,1122,3.85440203733239,1.745660908666,57.2848939353393,5.10545688964078,3.43529593345133,1.82900845484572,0
603.5,1.27845190818071,1.49244216490013,67.0042714899386,15.5627296821869,2.11839587105336,2.96601092979628,0,1130.5,3.81962918728395,1.7413783675329,57.4257736655333,5.15206066525065,3.37870781714635,1.8596415100748,0
612,1.28100310936068,1.49242203685751,67.005175165172,15.5309525288677,2.09314233555667,3.0017955303114,0,1139,3.78584064061967,1.73725370805837,57.5621163081381,5.19816870829155,3.32382848166784,1.89034582916469,0
620.5,1.28349140250375,1.49235641837434,67.0081213634826,15.5000853260485,2.06847929492949,3.0375867539896,0,1147.5,3.75298543540262,1.73330909524617,57.6931144446558,5.24380257998572,3.27057554283452,1.92112526522904,0
629,1.2859244137435,1.49226070589394,67.0124192140374,15.4700238327575,2.04439493440937,3.07337158854525,0,1156,3.72103963398394,1.72953936880893,57.8188631050742,5.28894933384431,3.21889241694112,1.95197120416669,0
637.5,1.28829743129788,1.4921041270267,67.0194513832417,15.4408171629445,2.02085871576139,3.109166048163,0,1164.5,3.68996229641815,1.72593517517395,57.9396036643854,5.33362211684523,3.16870957184899,1.98288456695425,0
646,1.29061772800329,1.49194175425828,67.0267453233889,15.4123671760209,1.99786026006701,3.14495734900341,0,1173,3.65972371962854,1.72249117659504,58.0554497804027,5.37782066353393,3.11996907044206,2.01386140866112,0
654.5,1.29288081036122,1.49172119183618,67.0366557418875,15.3847208167442,1.97537174997894,3.18076094145144,0,1181.5,3.63029465031719,1.71920653599428,58.1663679763562,5.42154614411502,3.07261502354396,2.04489832244996,0
663,1.29509361427809,1.49146716432285,67.0480734622152,15.3577856254728,1.95338403360194,3.21656427978153,0,1190,3.60164528072299,1.71606873155014,58.2727242571857,5.46480268456024,3.02659267287646,2.07599303450638,0
671.5,1.29725725677982,1.49117280478158,67.0613088431743,15.3315410434571,1.93187975693197,3.2523687277297,0,1198.5,3.57374913230303,1.71307772313698,58.3744675734153,5.50759147083608,2.98185159140846,2.10714219489769,0
680,1.29936754774525,1.49083981362946,67.0762875298786,15.306030960816,1.91083462903713,3.28818894722758,0,1207,3.54657886729777,1.71022004934272,58.4720077620609,5.54991696289576,2.93834206072723,2.13834372490469,0
688.5,1.3014258027274,1.49046745193438,67.0930451183063,15.281232586317,1.89023355515962,3.32402590676104,0,1215.5,3.5201003210677,1.70749042469477,58.5654821565844,5.59179654209113,2.89601013662501,2.16960059211049,0
697,1.30344335491327,1.49005996970389,67.1113928521093,15.2570034517418,1.87007654937342,3.35985460556939,0,1224,3.49430402925742,1.70487846425919,58.655207451079,5.6332103621416,2.85482355331489,2.20090145322076,0
705.5,1.30540869505527,1.48961355472909,67.1315051360328,15.2334760270202,1.85033124742065,3.39570837164334,0,1232.5,3.46915628657719,1.7023851646719,58.7411133950248,5.67417876090043,2.81473126699975,2.23225051032204,0
714,1.3073327707314,1.4891313850256,67.1532418197479,15.2105136496515,1.83099827833529,3.43156265165477,0,1241,3.44462865602878,1.69998437374961,58.8240701174405,5.71471603559774,2.77568787754132,2.26364979939502,0
722.5,1.30920705343349,1.48860958426225,67.1767809754899,15.1882128045989,1.81205128502905,3.46744342121579,0,1249.5,3.42071457504715,1.69768374854735,58.9037858703462,5.75480180758922,2.73766672672841,2.29508772774843,0
731,1.31104198352025,1.48805360345503,67.2018802063416,15.1664442320681,1.79349108552702,3.5033267563375,0,1258,3.3973853106903,1.69547290360074,58.9805946102862,5.79445385903907,2.70062425333092,2.32656775537358,0
739.5,1.31283838724288,1.48746226478002,67.2285962257931,15.1451938251525,1.77530545942243,3.53921364564707,0,1266.5,3.37462401140345,1.69333871754147,59.0549303361988,5.83367167860689,2.66452744682467,2.3580861644594,0
748,1.31458830200199,1.48683277108273,67.2570593982663,15.1245512412043,1.75747099198127,3.57512888454351,0,1275,3.35240326281148,1.691273338576,59.1270480762129,5.87247454789673,2.62933589240116,2.38964725858652,0
756.5,1.31630147538676,1.48616746813646,67.2871679295959,15.1043971790929,1.73998873150927,3.61104942428537,0,1283.5,3.33071524375184,1.6892769406895,59.1969247855734,5.9108490728982,2.59502551129867,2.42124221123175,0
765,1.31797031371812,1.48546740343776,67.3188787371395,15.0848168931347,1.72283701139624,3.64699926088046,0,1292,3.30953169859277,1.68732917058092,59.2652588146577,5.94881914608886,2.56155704225447,2.45287737244752,0
773.5,1.31960411296342,1.4847316270339,67.3522394075848,15.0656974328246,1.7060169527646,3.68295596183711,0,1300.5,3.28883580007051,1.68542230691345,59.3323107151299,5.98639010008204,2.5289010381165,2.48455167382083,0
782,1.32119563127122,1.48395947203637,67.3872850872232,15.0471198751467,1.68950847988647,3.7189427469472,0,1309,3.26862192984719,1.68356757909792,59.3976750571433,6.02354781198099,2.49703737956241,2.5162560074614,0
790.5,1.32275373391142,1.48315341700143,67.42390831164,15.0289772430212,1.67331275637119,3.75493779226637,0,1317.5,3.24886742731306,1.68173899635096,59.4622591359183,6.06031033842063,2.46593353116741,2.547994594244,0
799,1.32427151455947,1.48231077642989,67.4622363880048,15.0113466495352,1.65741115714577,3.7909635639233,0,1326,3.22955164040372,1.67993435061675,59.5261356274351,6.09669376061764,2.43555930648848,2.57977101622646,0
807.5,1.32575742774274,1.4814352074574,67.502108426079,14.99412674005,1.6418048640777,3.82699883808008,0,1334.5,3.2106681297762,1.67814508579968,59.5896033341761,6.13268855929102,2.40589593838606,2.61157816800443,0
816,1.32720488711805,1.48052358342914,67.5436724678056,14.9773908656268,1.62647657735055,3.86306534915774,0,1343,3.19219108021525,1.67636495331351,59.6528815532321,6.168323181348,2.37691070753183,2.64342505053714,0
824.5,1.32862195550061,1.47957952982171,67.5867690681351,14.9610429671097,1.61142747786612,3.89914246435707,0,1351.5,3.1741214764942,1.67458978873493,59.716117148633,6.2035756122282,2.34859154753548,2.67529929321806,0
833,1.33000235170335,1.47859968456354,67.6315577799668,14.9451528245055,1.59664147863548,3.93525120777228,0,1360,3.15643425864624,1.67280772637129,59.7797334526446,6.23847525622715,2.32090754312224,2.7072105159032,0
841.5,1.33134702476217,1.47758466926227,67.6780167527918,14.9297067119752,1.58211173471441,3.97139163392514,0,1368.5,3.13912241408327,1.67101507880697,59.8438645277789,6.27301736730698,2.29384173480692,2.73915380117036,0
850,1.33266346493939,1.47653794742507,67.7259938861644,14.9146161755498,1.56783937051693,4.00754402863858,0,1377,3.12216838731918,1.66920173987571,59.9088759681297,6.30721904906823,2.2673699254315,2.77113374253821,0
858.5,1.33394583708468,1.47545647800865,67.7756351952616,14.8999458193402,1.55380994418716,4.04372834057674,0,1385.5,3.10556509247427,1.66736757226594,59.9747780053686,6.34107733766713,2.24147606818785,2.80314628219934,0
867,1.33519502284144,1.47434048997204,67.826937318866,14.8856831696078,1.54001732738343,4.07994455351683,0,1394,3.08929327136112,1.66549838098443,60.0420877868958,6.3746149739989,2.21613577572534,2.83519871661433,0
875.5,1.33641798057694,1.47319362668553,67.8797397630517,14.8717467209535,1.526462570619,4.1161738441,0,1402.5,3.07335510533915,1.66359444176572,60.1108043459564,6.40781135842235,2.19134053856624,2.86727927339426,0
884,1.33760331803053,1.47200948086252,67.9343450569391,14.8582641582159,1.51312592537391,4.15245367342903,0,1411,3.05771938678825,1.6616446959521,60.1813373482357,6.44071620947478,2.16705838893568,2.89940748217009,0
892.5,1.33876376802783,1.47079514170521,67.9904339934534,14.8450886180175,1.50001542636172,4.18874712670085,0,1419.5,3.0423923658747,1.65964218789047,60.2539515623592,6.47330178335084,2.14328451276837,2.93156847340996,0
901,1.33989418684844,1.46954732927695,68.0481655866113,14.8322767602962,1.48711896431569,4.22507241044487,0,1428,3.02736128233217,1.65758901920659,60.3285849757048,6.5055807170318,2.12000089799171,2.96376539893529,0
909.5,1.34099535166637,1.46826655335414,68.1075243262594,14.8198179558266,1.47443139270629,4.26142941493327,0,1436.5,3.01260508698626,1.65547644374763,60.4055710835861,6.53758470407867,2.09718418864341,2.99601024135317,0
918,1.3420680195432,1.46695306345991,68.1685068806106,14.8077019171631,1.46194773370719,4.29781801518084,0,1445,2.99812680257673,1.65328114189239,60.4857803467941,6.56929415494586,2.07482823707732,3.02829178574816,0
926.5,1.34311292794862,1.46560710573253,68.2311102401611,14.7959186860272,1.44966317101848,4.33423807184483,0,1453.5,2.98391337805305,1.65101552124897,60.5687824935476,6.60072484355318,2.05291598077265,3.06061493311324,0
935,1.34412569317555,1.46422616279367,68.295460456194,14.7845160203855,1.43756758628401,4.37070602253984,0,1462,2.96995059049569,1.6486773539096,60.6546816227351,6.63189618738711,2.03142995245943,3.09298644512581,0
943.5,1.34511966686018,1.46281950553454,68.3611338388999,14.7733422042823,1.42567002316924,4.40718062740223,0,1470.5,2.95623054303221,1.64625016054573,60.7441094899271,6.66281439294879,2.01035739070535,3.12540712225058,0
952,1.34607578412519,1.46136959677085,68.4289588485809,14.7626100657373,1.413945151392,4.44372633619763,0,1479,2.94274680100215,1.64373103440349,60.8372038411322,6.69348290423663,1.98968681609341,3.15787653431615,0
960.5,1.34701416093312,1.45989581575933,68.4980386411938,14.7520923866777,1.40240932944625,4.48027917046198,0,1487.5,2.92949569021839,1.64111397223075,60.9342201042084,6.72389925794361,1.96940886737371,3.1903914983172,0
969,1.34792596261662,1.45838962368892,68.5687818780932,14.7418870853897,1.39104846503263,4.51687016313426,0,1496,2.91646192888362,1.63838069885507,61.0358752821503,6.75408822776001,1.94950663695429,3.22296174225689,0
977.5,1.34880303747818,1.45684491508991,68.6414861075509,14.7320839324652,1.37984965470914,4.55352891942712,0,1504.5,2.9036402240632,1.63555756794853,61.1412291194551,6.78405233630889,1.92997023865949,3.25558663098543,0
986,1.34966383848978,1.45527481665734,68.7155435216648,14.7224754906516,1.36882742240342,4.5901953776959,0,1513,2.89102031874907,1.63262098514892,61.2512033776647,6.81380622781352,1.91078672752747,3.28827137883144,0
994.5,1.35049185508784,1.45366771774647,68.7915118284556,14.7132449520413,1.35796063860014,4.62692741496294,0,1521.5,2.87859291444227,1.62963530318888,61.363422726741,6.84336303488353,1.89194407784572,3.32102062674812,0
1003,1.3512964219971,1.45202896744336,68.8691494743895,14.7042870346912,1.34725465802303,4.66369536728831,0,1530,2.86636186312351,1.62636765332144,61.4867123038111,6.87270490519773,1.87343912622452,3.35382410841493,0
1011.5,1.35208606041878,1.45036646470846,68.9480916949506,14.6955060514676,1.33671385113077,4.700471459815,0,1538.5,2.85431311747347,1.62306031446321,61.6120048706094,6.90185709614292,1.85525714492913,3.3866924185432,0
1020,1.35283791340817,1.44866258714842,69.029186566378,14.6871551061694,1.32631167981193,4.73733693430984,0,1547,2.8424345448234,1.61958574584733,61.7441838176232,6.93084126400039,1.83738496756523,3.41963465364889,0
1028.5,1.3535758160003,1.44693440790742,69.1116331559368,14.6789684403057,1.31606788138094,4.77421065894161,0,1555.5,2.83072012086716,1.61598477776343,61.8817710265827,6.9596649042704,1.81981364247326,3.45265315114369,0
1037,1.35428561488042,1.44517173052246,69.1959286830553,14.6711022780141,1.30596491309587,4.81114403930263,0,1564,2.81917299352803,1.61222761497547,62.025981363383,6.98831309380119,1.80254027719184,3.48573920188242,0
1045.5,1.35496838040476,1.44337437491133,69.2820946098222,14.6635437487821,1.2960003638496,4.8481354499903,0,1572.5,2.80777778308297,1.60831792297688,62.1767615540259,7.01681712766144,1.78555025951222,3.51890700007293,0
1054,1.35563180979608,1.44155008826465,69.3697713413348,14.6562068223601,1.28617818766232,4.88515927843523,0,1581,2.79653249087532,1.60425338253915,62.3342927547543,7.04517561763242,1.76883775513935,3.55215467836087,0
1062.5,1.35627645065972,1.43969651780529,69.4590830520604,14.6490847907644,1.27649548297386,4.92221507321093,0,1589.5,2.78542881906641,1.60001681952693,62.4993429941358,7.07340336006537,1.75239309158,3.58548851702817,0
1071,1.35689024445079,1.43780565691076,69.5504288214152,14.6423100634596,1.26693766988869,4.95934840088195,0,1598,2.77445873830895,1.59561081602916,62.6719241280026,7.10151508196232,1.73620697015579,3.61891491923673,0
1079.5,1.35748665540988,1.43588826885052,69.6433017591638,14.635733267411,1.25751427087529,4.99651212928675,0,1606.5,2.76362064133561,1.59103356388962,62.8522252890307,7.12950945745792,1.72027428654566,3.65243226404106,0
1088,1.35806035149846,1.43393923911595,69.7379618829958,14.6294125913514,1.24821723483314,5.03372740885085,0,1615,2.75290074735738,1.58625451231947,63.0415858384397,7.1574170554119,1.70458250610364,3.68605525674541,0
1096.5,1.3586065953328,1.43195488799908,69.8346022197204,14.6233994994593,1.23903930262909,5.0710137231704,0,1623.5,2.74230379716321,1.5813067409219,63.2388374830428,7.18522073259324,1.68913076511439,3.7197743578805,0
1105,1.35913736937104,1.42994565605335,69.9327275667243,14.6175614877399,1.22998856956656,5.10832820941886,0,1632,2.73181645917262,1.57613794049201,63.4462234750747,7.2129508800363,1.67390714410087,3.75360445131177,0
1113.5,1.35964274504223,1.42790352911328,70.0327423814824,14.6120072141314,1.2210532061448,5.14570968370604,0,1640.5,2.72143686219341,1.57076905324586,63.6630826112586,7.24060827510634,1.65890695653362,3.78754533666471,0
1122,1.36013134066183,1.42583260016973,70.1344603764117,14.6066414173132,1.21223827153461,5.18312732300186,0,1649,2.71115660120092,1.56522162961409,63.8887158904487,7.26821141234981,1.64412165021281,3.82160608758258,0
1130.5,1.36059417049681,1.42372831669482,70.2381197503674,14.6015622573731,1.20353310083751,5.22061695088175,0,1657.5,2.7009674972102,1.55944294218901,64.1254625575649,7.29577881638271,1.6295429847422,3.85579599066152,0
1139,1.3610325932897,1.42159027351631,70.3437564697524,14.5967542378011,1.19493642957832,5.25817537372835,0,1666,2.69086874191502,1.55345501460545,64.3726397351765,7.32330947176884,1.61516731207384,3.89011420687564,0
1147.5,1.3614564590758,1.4194283793513,70.450895201702,14.592108903389,1.18645443056715,5.29576623029347,0,1674.5,2.68085953417656,1.54723074359596,64.6316009515087,7.35080236865513,1.60099106251213,3.92455988937289,0
1156,1.36185797256459,1.41723500602932,70.5599280109308,14.5877112950533,1.17807783093823,5.33342122411014,0,1683,2.67092500451146,1.54078646342959,64.9019201385072,7.37829560178963,1.58700237938887,3.95915304777246,0
1164.5,1.36223831249049,1.41501078187014,70.6708396015442,14.5835480636858,1.16980533489952,5.37113750444579,0,1691.5,2.66107158096746,1.53410774288588,65.1844699068435,7.40576885779517,1.57320223527488,3.99388277380737,0
1173,1.36260602394229,1.4127650378196,70.7831786057898,14.5795253490433,1.16164196414518,5.40888285815606,0,1700,2.65127781682382,1.52717812669491,65.4802463786057,7.43327984436187,1.55957518636695,4.02877999220822,0
1181.5,1.36293998063191,1.41047418598262,70.8981426202662,14.5758738515034,1.15356748254923,5.44674273696983,0,NaN,NaN,NaN,NaN,NaN,NaN,NaN,NaN
1190,1.36326284891583,1.40816544832326,71.0143826629695,14.5723453534729,1.14559903270238,5.48462867706693,0,NaN,NaN,NaN,NaN,NaN,NaN,NaN,NaN
1198.5,1.36356238492141,1.40582210801456,71.1327552966356,14.5690733892456,1.13772414261277,5.52259117289214,0,NaN,NaN,NaN,NaN,NaN,NaN,NaN,NaN
1207,1.36384612508295,1.40345518087533,71.2527206872613,14.565975340296,1.12994707960476,5.56060139504706,0,NaN,NaN,NaN,NaN,NaN,NaN,NaN,NaN
1215.5,1.36410381878434,1.40105112333872,71.374982921179,14.5631628370385,1.12225735811135,5.59870270554838,0,NaN,NaN,NaN,NaN,NaN,NaN,NaN,NaN
1224,1.36434792316946,1.39862513277193,71.4987866704573,14.5604996623141,1.11466333592276,5.63684576740666,0,NaN,NaN,NaN,NaN,NaN,NaN,NaN,NaN
1232.5,1.36457200336673,1.3961701719267,71.6245068192518,14.558055818212,1.10715781206225,5.67505845935023,0,NaN,NaN,NaN,NaN,NaN,NaN,NaN,NaN
1241,1.36477770198532,1.39368561034957,71.7521937927721,14.5558131759707,1.09974029168841,5.71333555264501,0,NaN,NaN,NaN,NaN,NaN,NaN,NaN,NaN
1249.5,1.36495849178681,1.39116964004139,71.8819596990523,14.5538426806099,1.09240375493142,5.75170606913012,0,NaN,NaN,NaN,NaN,NaN,NaN,NaN,NaN
1258,1.3651244511749,1.38862855230251,72.0134983788055,14.552034302388,1.08515457168116,5.79012932456751,0,NaN,NaN,NaN,NaN,NaN,NaN,NaN,NaN
1266.5,1.36527031391834,1.38605867461852,72.1470178941183,14.5504452827072,1.07798682504409,5.82862903442499,0,NaN,NaN,NaN,NaN,NaN,NaN,NaN,NaN
1275,1.36539851359519,1.38346281668737,72.2823908194689,14.5490489731452,1.07090079497662,5.86719641693493,0,NaN,NaN,NaN,NaN,NaN,NaN,NaN,NaN
1283.5,1.36551118909242,1.38084172516246,72.4195960896495,14.547821971716,1.06389652441949,5.90582369898045,0,NaN,NaN,NaN,NaN,NaN,NaN,NaN,NaN
1292,1.36560361821124,1.37819423358534,72.5587131066802,14.5468156033695,1.05696874474555,5.94453273894319,0,NaN,NaN,NaN,NaN,NaN,NaN,NaN,NaN
1300.5,1.36567221794787,1.37551240658151,72.7001803266352,14.5460687803972,1.05011320103643,5.9833409397942,0,NaN,NaN,NaN,NaN,NaN,NaN,NaN,NaN
1309,1.36572849116932,1.37281238941546,72.843165439802,14.5454562100779,1.04333727362057,6.02219959551124,0,NaN,NaN,NaN,NaN,NaN,NaN,NaN,NaN
1317.5,1.36576805827816,1.37008820517067,72.9880015188828,14.5450255278141,1.03663609736483,6.06112918810344,0,NaN,NaN,NaN,NaN,NaN,NaN,NaN,NaN
1326,1.36578351418005,1.36732927831777,73.1352729629472,14.5448572995606,1.0300026502112,6.10016421403504,0,NaN,NaN,NaN,NaN,NaN,NaN,NaN,NaN
1334.5,1.36578834414939,1.36455564170874,73.2839299061318,14.5448047290385,1.02344574308684,6.13924611990542,0,NaN,NaN,NaN,NaN,NaN,NaN,NaN,NaN
1343,1.36576872239894,1.36174860138559,73.4349937266315,14.5450182991754,1.01695362799623,6.17843836159937,0,NaN,NaN,NaN,NaN,NaN,NaN,NaN,NaN
1351.5,1.36573499751537,1.3589220486583,73.5877382361503,14.5453853876691,1.01053273956002,6.21769593523041,0,NaN,NaN,NaN,NaN,NaN,NaN,NaN,NaN
1360,1.36567966762825,1.35606721998213,73.7426570943273,14.5459876828235,1.00417622619724,6.25705443254084,0,NaN,NaN,NaN,NaN,NaN,NaN,NaN,NaN
1368.5,1.36561482791679,1.35319914092996,73.898953210447,14.5466935616579,0.997891726647268,6.29645996594233,0,NaN,NaN,NaN,NaN,NaN,NaN,NaN,NaN
1377,1.36552617987377,1.35029821405436,74.0577147767554,14.5476587425046,0.991667523510362,6.33597970914486,0,NaN,NaN,NaN,NaN,NaN,NaN,NaN,NaN
1385.5,1.36541883263418,1.34737368126773,74.2184602462404,14.5488276896041,0.985506194611459,6.37559189534751,0,NaN,NaN,NaN,NaN,NaN,NaN,NaN,NaN
1394,1.36530561484242,1.3444432093012,74.380233622495,14.5500607693769,0.979415792569885,6.415237894718,0,NaN,NaN,NaN,NaN,NaN,NaN,NaN,NaN
1402.5,1.36515967003273,1.34147004252673,74.5450862336404,14.5516505981914,0.973375878811218,6.4550452132153,0,NaN,NaN,NaN,NaN,NaN,NaN,NaN,NaN
1411,1.36500859435083,1.33849251617579,74.7109145486371,14.5532966895938,0.967405098760334,6.49488545722064,0,NaN,NaN,NaN,NaN,NaN,NaN,NaN,NaN
1419.5,1.36484040462684,1.33549393843337,74.8786625848012,14.5551296954112,0.96149376866984,6.53481646154809,0,NaN,NaN,NaN,NaN,NaN,NaN,NaN,NaN
1428,1.36465316216067,1.33247527178295,75.0482970435861,14.5571708958371,0.955639469300192,6.57484910264403,0,NaN,NaN,NaN,NaN,NaN,NaN,NaN,NaN
1436.5,1.36444470863389,1.32942750231742,75.2203484775835,14.5594440072392,0.949839685787602,6.61499556314032,0,NaN,NaN,NaN,NaN,NaN,NaN,NaN,NaN
1445,1.36422892666281,1.32637632836312,75.3933841109858,14.5617977891204,0.944103063434468,6.65519004283553,0,NaN,NaN,NaN,NaN,NaN,NaN,NaN,NaN
1453.5,1.36398870064031,1.32329777896733,75.5687809572516,14.5644191159769,0.938416718706783,6.69551722803739,0,NaN,NaN,NaN,NaN,NaN,NaN,NaN,NaN
1462,1.36373064534271,1.32019737033517,75.7462499524688,14.5672360580385,0.932784299140017,6.73594668453616,0,NaN,NaN,NaN,NaN,NaN,NaN,NaN,NaN
1470.5,1.36346603785981,1.3170994089603,75.9244133887652,14.5701256686617,0.927212538496981,6.77642400885204,0,NaN,NaN,NaN,NaN,NaN,NaN,NaN,NaN
1479,1.36317920748285,1.31397393908558,76.1050101721133,14.5732592713247,0.921689795458313,6.81702817817925,0,NaN,NaN,NaN,NaN,NaN,NaN,NaN,NaN
1487.5,1.36287949214754,1.31083769417526,76.2870952249488,14.5765350981287,0.916221507326077,6.85771427208317,0,NaN,NaN,NaN,NaN,NaN,NaN,NaN,NaN
1496,1.36256045922226,1.30768725800132,76.4708835297827,14.5800236992137,0.910802446004186,6.89851606651341,0,NaN,NaN,NaN,NaN,NaN,NaN,NaN,NaN
1504.5,1.36222709473979,1.30452320812786,76.6563594859393,14.583670819687,0.905435091219538,6.93940997881661,0,NaN,NaN,NaN,NaN,NaN,NaN,NaN,NaN
1513,1.36187875489972,1.30134939569382,76.8433138178732,14.587483747851,0.900118146001134,6.98040066750489,0,NaN,NaN,NaN,NaN,NaN,NaN,NaN,NaN
1521.5,1.36151476698088,1.29816322146537,77.0319158226649,14.5914701149977,0.894850323352536,7.02149302873331,0,NaN,NaN,NaN,NaN,NaN,NaN,NaN,NaN
1530,1.3611415371813,1.29497893928459,77.2213330783933,14.5955599874401,0.889634991621765,7.06265532083627,0,NaN,NaN,NaN,NaN,NaN,NaN,NaN,NaN
1538.5,1.36074425155479,1.29177071717204,77.413118807122,14.5999160136823,0.884461651969314,7.10396577758871,0,NaN,NaN,NaN,NaN,NaN,NaN,NaN,NaN
1547,1.36033687859792,1.28856111737575,77.6059425133498,14.6043853738868,0.879338641627614,7.14535334822737,0,NaN,NaN,NaN,NaN,NaN,NaN,NaN,NaN
1555.5,1.359911205684,1.28534246802886,77.8002769591476,14.6090584640776,0.874259855791708,7.18686242489047,0,NaN,NaN,NaN,NaN,NaN,NaN,NaN,NaN
1564,1.35947472466875,1.28212292936325,77.9956412211299,14.6138533490454,0.869229363598948,7.2284549628705,0,NaN,NaN,NaN,NaN,NaN,NaN,NaN,NaN
1572.5,1.3590186361079,1.27889032356818,78.1927880422097,14.618867031759,0.864240786078156,7.27017910794525,0,NaN,NaN,NaN,NaN,NaN,NaN,NaN,NaN
1581,1.35855096717343,1.27565967743518,78.390813607167,14.6240116296159,0.859298524461373,7.31199359514556,0,NaN,NaN,NaN,NaN,NaN,NaN,NaN,NaN
1589.5,1.35807142383242,1.27242939996539,78.5898219600395,14.6292906566261,0.854401650728167,7.35390117964393,0,NaN,NaN,NaN,NaN,NaN,NaN,NaN,NaN
1598,1.35757033850539,1.26918765949359,78.7905549285753,14.63481094778,0.849543390804374,7.39595572773566,0,NaN,NaN,NaN,NaN,NaN,NaN,NaN,NaN
1606.5,1.35706631713152,1.26596104122659,78.9913723593814,14.6403678372,0.844734713433875,7.43805742472477,0,NaN,NaN,NaN,NaN,NaN,NaN,NaN,NaN
1615,1.3565396541725,1.26272156117844,79.1940227160411,14.6461789148357,0.839962634162537,7.4803152564567,0,NaN,NaN,NaN,NaN,NaN,NaN,NaN,NaN
1623.5,1.35600219050826,1.2594906353422,79.3971762821648,14.6521139777334,0.835233871578848,7.52266583166993,0,NaN,NaN,NaN,NaN,NaN,NaN,NaN,NaN
1632,1.35545370463997,1.25626612491453,79.6009683113948,14.658175774222,0.830547613137236,7.56511150931618,0,NaN,NaN,NaN,NaN,NaN,NaN,NaN,NaN
1640.5,1.35488861421903,1.25304062328868,79.8058723248284,14.6644263907821,0.825899795317907,7.60768478549029,0,NaN,NaN,NaN,NaN,NaN,NaN,NaN,NaN
1649,1.35431193502969,1.24982394269364,80.0112692548346,14.670810755752,0.821292865390956,7.65035905211308,0,NaN,NaN,NaN,NaN,NaN,NaN,NaN,NaN
1657.5,1.35372342941166,1.24661650057761,80.2171316950048,14.6773318502322,0.816726050927093,7.69313688481876,0,NaN,NaN,NaN,NaN,NaN,NaN,NaN,NaN
1666,1.35311710770558,1.24340860135748,80.4240857678045,14.6840564968191,0.812195142680422,7.73605378436973,0,NaN,NaN,NaN,NaN,NaN,NaN,NaN,NaN
1674.5,1.35250427277806,1.24022044294659,80.6308270184725,14.6908597180366,0.807706343850735,7.7790466238318,0,NaN,NaN,NaN,NaN,NaN,NaN,NaN,NaN
1683,1.35187886994674,1.23704219846753,80.837986063759,14.6978090362158,0.803255418863186,7.82215116092453,0,NaN,NaN,NaN,NaN,NaN,NaN,NaN,NaN
1691.5,1.3512345340219,1.23386520175051,81.0461303699367,14.7049756935925,0.798838033710849,7.86540580446859,0,NaN,NaN,NaN,NaN,NaN,NaN,NaN,NaN
1700,1.35058327651974,1.23071141107622,81.2538171824967,14.7122265246714,0.794460750893967,7.90874225077757,0,NaN,NaN,NaN,NaN,NaN,NaN,NaN,NaN
