S0 f (kHz),S0 Phase velocity (m/ms),S0 Energy velocity (m/ms),S0 Propagation time (micsec),S0 Coincidence angle (deg),S0 Wavelength (mm),S0 Wavenumber (rad/mm),S0 Attenuation (Np/m),S1 f (kHz),S1 Phase velocity (m/ms),S1 Energy velocity (m/ms),S1 Propagation time (micsec),S1 Coincidence angle (deg),S1 Wavelength (mm),S1 Wavenumber (rad/mm),S1 Attenuation (Np/m),S2 f (kHz),S2 Phase velocity (m/ms),S2 Energy velocity (m/ms),S2 Propagation time (micsec),S2 Coincidence angle (deg),S2 Wavelength (mm),S2 Wavenumber (rad/mm),S2 Attenuation (Np/m)
0.001,6.56587179660797,6.56592543157341,15.230145551019,2.99448459632627,6565871.79660797,9.56946084513191e-07,0,1064.46018229167,20.0040274771832,-0.271504952818105,-368.317406227926,0.982472929831569,18.7926498425866,0.334342700992654,0,1292.54231770833,20.0381550875001,2.51166519235275,39.8142237685457,0.980799485774603,15.5029006114303,0.405290949394785,0
8.5,6.56582562685013,6.56562552238905,15.2308412441428,2.99450567222072,772.450073747074,0.00813409891554611,0,1064.381640625,19.9040274771832,-0.271265994704702,-368.641856893486,0.987409468240771,18.7000853053945,0.335997681538226,0,1293.4716796875,19.9381550875001,2.52571920165816,39.5926831194652,0.985719178779153,15.414450428723,0.407616563187462,0
17,6.56552542209625,6.56472488309785,15.2329308205237,2.99464271902912,386.207377770368,0.0162689416847843,0,1064.31184895833,19.8040274771832,-0.271028964682972,-368.964254860996,0.9923958679758,18.6073541289293,0.337672151754825,0,1294.42252604167,19.8381550875001,2.53990261255013,39.3715883065285,0.990688477453922,15.3258728802913,0.409972427427584,0
25.5,6.56502492189407,6.56322325047661,15.2364160388325,2.99487123084218,257.451957721336,0.0244052729790482,0,1064.24205729167,19.7040274771832,-0.270777991532289,-369.30623288147,0.997432888343248,18.5146107900744,0.339363618194339,0,1295.3876953125,19.7381550875001,2.5543417976579,39.1490285644979,0.995708135905643,15.2372568914501,0.412356722206684,0
34,6.56432388305664,6.56111977372769,15.2413007914326,2.99519136061944,193.068349501666,0.0325438391294963,0,1064.163515625,19.6040274771832,-0.27050437491493,-369.679788104901,1.00252130414649,18.4220067586789,0.341069536532413,0,1296.37434895833,19.6381550875001,2.56891626562932,38.9269207945563,1.00077892360495,15.1485218010367,0.414772173133723,0
42.5,6.56341883096378,6.55841231944704,15.2475927296427,2.99560475443646,154.433384257971,0.0406854083873725,0,1064.09372395833,19.5040274771832,-0.270232718941522,-370.05141491264,1.00766190608309,18.3292383349749,0.342795766651708,0,1297.37532552083,19.5381550875001,2.58370678570071,38.7040822718124,1.00590162577966,15.0597554178522,0.417216955577602,0
51,6.56231668256555,6.55510215920419,15.255292377036,2.99610832863683,128.672876128736,0.0488306898564489,0,1064.01518229167,19.4040274771832,-0.269933925049535,-370.461030348999,1.01285550115445,18.2366077102312,0.344536955941349,0,1298.39778645833,19.4381550875001,2.59872360557745,38.4804293097493,1.01107704382025,14.9708781778826,0.419693837096486,0
59.5,6.56101326292662,6.55118463153802,15.2644148538557,2.99670408279112,110.269130469355,0.05698045573077,0,1063.945390625,19.3040274771832,-0.26963165925992,-370.876329116834,1.01810291308828,18.1438141912936,0.346299032878909,0,1299.44173177083,19.3381550875001,2.61393064262986,38.2565621172682,1.01630599569785,14.8818947511765,0.422203315655276,0
68,6.55950236535688,6.54665841949311,15.2749683261683,2.99739496560365,96.4632700787777,0.0651355205152009,0,1063.86684895833,19.2040274771832,-0.269312456350227,-371.315910727705,1.02340498277418,18.0511569619699,0.348076598104873,0,1300.5,19.2381550875001,2.62934893737708,38.0322286549595,1.0215893163953,14.7928912629759,0.424743560638842,0
76.5,6.55779522816139,6.5415211035206,15.2869643646308,2.99817596580768,85.7228134400182,0.0732965363015768,0,1063.78830729166,19.1040274771832,-0.268970198794704,-371.788400529558,1.028762568713,17.9584860505008,0.349872772655264,0,1309,18.4991272127926,2.75042808312208,36.3579766413988,1.06240572079591,14.132259138879,0.44459878958022,0
85,6.55587886663188,6.53576955612782,15.3004170574285,2.99905316953421,77.1279866662574,0.0814644019474763,0,1063.709765625,19.0040274771832,-0.268619898011568,-372.273240888855,1.03417654748029,17.8658014538553,0.351687850299249,0,1317.5,17.8556226751109,2.86731485091856,34.8758351277553,1.10069873172202,13.5526547818679,0.463612879417978,0
93.5,6.55376132457071,6.52940079476526,15.3153410463287,3.00002305994744,70.0937040061038,0.089639795703084,0,1063.63122395833,18.9040274771832,-0.26825073924595,-372.785552357093,1.03964781420458,17.7731031690019,0.353522131022009,0,1326,17.2896156725779,2.98046061352531,33.5518609258584,1.13673675939442,13.0389258465896,0.481879058221883,0
102,6.55143388942437,6.52241097922387,15.331753904888,3.00108981122444,64.2297440139644,0.0978236081061375,0,1063.55268229166,18.8040274771832,-0.26787095258449,-373.314086634529,1.0451772830608,17.680391192908,0.35537592119002,0,1334.5,16.7874695069967,3.09021102627869,32.3602495588861,1.17074345141661,12.5795949846359,0.499474372176015,0
110.5,6.54890303099132,6.51479646427711,15.3496737078947,3.00225066078152,59.2660907782019,0.106016530273506,0,1063.474140625,18.7040274771832,-0.267473608300962,-373.868661791408,1.05076588777967,17.5876655225401,0.357249533721639,0,1343,16.3386365159712,3.19684049245203,31.2808850601421,1.2029091997886,12.1657755144983,0.516464018236384,0
119,6.54615838422383,6.50655262762043,15.3691218258188,3.00351058632697,55.0097343212086,0.114219517412887,0,1063.39559895833,18.6040274771832,-0.267063699857943,-374.442502119128,1.0564145821734,17.4949261548638,0.359143288263196,0,1351.5,15.9348248112794,3.30056585492423,30.2978350972172,1.23339732495873,11.7904734082718,0.532903564565228,0
127.5,6.5432060127254,6.49767515448694,15.3901199463543,3.00486704920267,51.3192628449051,0.1224332727882,0,1063.30830729166,18.5040274771832,-0.266622078595987,-375.062712460247,1.06212434067854,17.4023162899146,0.361054540240771,0,1360,15.5694124402799,3.4015639134607,29.3982422627072,1.26234965347245,11.4480973825588,0.548841008004706,0
136,6.54004749419364,6.48815913775347,15.4126922408727,3.00631958385872,48.0885845161297,0.130658562118253,0,1063.229765625,18.4040274771832,-0.266180170311953,-375.685385890331,1.06789615891646,17.3095487656563,0.362989549424072,0,1368.5,15.2370487308984,3.49997549363789,28.5716286247649,1.28988972106347,11.1341240269626,0.56431788364887,0
144.5,6.53666843457299,6.47799856646903,15.4368666454502,3.00787509692985,45.2364597548304,0.138896486180236,0,1063.15122395833,18.3040274771832,-0.265719582953462,-376.336583433197,1.07373105427226,17.2167675347572,0.364945701595557,0,1377,14.9333462087847,3.5959198433344,27.809296190338,1.31612704156148,10.8448411102285,0.579370895646731,0
153,6.53308313352042,6.46719147613904,15.4626626363165,3.00952731282235,42.6998897615714,0.147147576779795,0,1063.06393229166,18.2040274771832,-0.265236761385873,-377.021644652483,1.07963006649276,17.1241135403216,0.366920325095064,0,1385.5,14.6546851847544,3.68949336564559,27.1039923614287,1.34115792261809,10.5771816562645,0.594032088260325,0
161.5,6.52927112519914,6.45572318992466,15.4901313234849,3.01128599531318,40.4289233758461,0.155413124627836,0,1062.976640625,18.1040274771832,-0.264733087183724,-377.738956107894,1.08559425830431,17.0314443283896,0.368916762784833,0,1394,14.3980312975167,3.78078127109701,26.4495597152026,1.3650693838143,10.3285733841583,0.608330412486255,0
170,6.52525157833889,6.44359648332211,15.5192834093241,3.01314265514184,38.3838328137582,0.163693535704633,0,1062.89809895833,18.0040274771832,-0.264226420395044,-378.46328860865,1.09162471605115,16.938620451789,0.370938431796314,0,1402.5,14.1608258236024,3.86986021362023,25.8407266619201,1.38793985502448,10.0968455070249,0.62229191313347,0
178.5,6.5210014178282,6.43079969083249,15.5501655793379,3.01510833029252,36.5322208281692,0.171990236693597,0,1062.81080729166,17.9040274771832,-0.263688451085877,-379.23541811633,1.09772255035528,16.8459215453479,0.372979613508573,0,1411,13.9409163435313,3.95678686857221,25.2730317102181,1.40983814788921,9.8801675007309,0.63593914847241,0
187,6.51653854176462,6.41732868122591,15.5828078889824,3.01717514878778,34.8477996885808,0.180303645088918,0,1062.723515625,17.8040274771832,-0.263132155183168,-380.037171551267,1.10388889679848,16.7532074104077,0.375043724658733,0,1419.5,13.7364393572203,4.04162347355088,24.7425324636049,1.43082895563998,9.67695622206433,0.649293555018195,0
195.5,6.51184576656787,6.40317416252496,15.6172544212927,3.019351496582,33.3086739977896,0.188635107707876,0,1062.63622395833,17.7040274771832,-0.262557205748979,-380.869379359583,1.11012491662751,16.6604780432155,0.377131153792926,0,1428,13.5458105520981,4.12441646946438,24.245854108178,1.45096914074023,9.48586173116115,0.662373697324647,0
204,6.50692499765429,6.38832781066466,15.6535486223891,3.02163695634213,31.896691164972,0.196985489017732,0,1062.54893229166,17.6040274771832,-0.261967480467148,-381.726769374875,1.1164317974833,16.5677334400172,0.379242298285857,0,1436.5,13.3676510028893,4.20521236636082,23.78001187287,1.47031138668323,9.30570901697825,0.675196838383397,0
212.5,6.50177957449588,6.37278216358309,15.6917335997211,3.02403046225952,30.5966097623335,0.205355604950539,0,1062.461640625,17.5040274771832,-0.261366497054494,-382.604507949427,1.12281075415523,16.4749735970575,0.381377564592989,0,1445,13.2007576162707,4.2840557787874,23.3423664778484,1.48890427042163,9.13547239880325,0.687778916392182,0
221,6.49639924066104,6.35653402263775,15.7318437443844,3.02653730278582,29.3954716771993,0.213746708206528,0,1062.36559895833,17.4040274771832,-0.26072160611659,-383.550874396201,1.12926302936133,16.3823334398706,0.383534209594822,0,1453.5,13.0440868883256,4.36098393059748,22.9306050174552,1.50679139353264,8.97425998508813,0.700134085442131,0
229.5,6.49078115281641,6.33956685256347,15.7739483352185,3.02915936089669,28.2822708183722,0.222159859352525,0,1062.27830729166,17.3040274771832,-0.260071191468425,-384.510100620433,1.13578989455562,16.2895423528894,0.38571895827786,0,1462,12.8967070991022,4.43604001523849,22.5426280323181,1.52401460309727,8.82127708556919,0.712276153013979,0
238,6.48493126398405,6.32188541934322,15.8180658722519,3.0318944394501,27.2476103528742,0.230595829351942,0,1062.182265625,17.2040274771832,-0.259390926743768,-385.518496176168,1.14239265076357,16.1968694394085,0.387925909428646,0,1470.5,12.7578158109439,4.50925434413026,22.17661554846,1.54061016361962,8.67583530155997,0.724216757094251,0
246.5,6.47883144093645,6.3034494806451,15.8643295717769,3.03475164072667,26.2832918496408,0.239056254563694,0,1062.09497395833,17.1040274771832,-0.258703444925711,-386.542977920977,1.14907262944694,16.1040470923594,0.390161881118731,0,1479,12.626686251012,4.58066527714726,21.8308900453599,1.55661349112667,8.53731321907502,0.73596752818451,0
255,6.47249781119487,6.28428129531671,15.9127186229751,3.0377240657349,25.3823443576269,0.247541567423877,0,1061.99893229166,17.0040274771832,-0.25798264541978,-387.622972999922,1.15583119339906,16.0113414054858,0.392420918901076,0,1487.5,12.5026818762924,4.65030447844754,21.5039682806714,1.57205618567481,8.40516428658309,0.747538667056067,0
263.5,6.46591213515255,6.26435129845781,15.9633448438019,3.04082096230981,24.5385659778085,0.256053483845054,0,1061.911640625,16.9040274771832,-0.257247655331724,-388.730462367282,1.16266973767199,15.9184877823113,0.394709936842209,0,1496,12.3852377502275,4.7181970972623,21.1945363745029,1.5869671445786,8.27890223945686,0.758939425233725,0
272,6.45907402963301,6.24367132272033,16.0162178358278,3.04404325553953,23.7465956971802,0.264593097356085,0,1061.81559895833,16.8040274771832,-0.25649810697819,-389.86642505125,1.16958969053676,15.8257493049343,0.397022926757759,0,1504.5,12.2738207103083,4.78439220067729,20.901296508644,1.60137675943544,8.15807292144121,0.770180086361571,0
280.5,6.45198133156179,6.22220961074159,16.0714611457909,3.04739274607194,23.0017159770474,0.273161589920046,0,1061.71955729166,16.7040274771832,-0.25570704880546,-391.072520163803,1.17659251447812,15.7329940495713,0.399363610472528,0,1513,12.1679920477778,4.84890522942018,20.623211893947,1.61530808680001,8.04229481016377,0.781267717174327,0
289,6.44462975693743,6.19996219035419,16.1291306188252,3.05087228195544,22.2997569444202,0.281760259667394,0,1061.623515625,16.6040274771832,-0.254899214389713,-392.311919200782,1.18367970722524,15.6402220116687,0.401732488355465,0,1521.5,12.0673278301558,4.9117733804486,20.3592454810826,1.62878641121876,7.93120462054273,0.79221071801696,0
297.5,6.43702062592669,6.17691973646844,16.1892989169993,3.05448210276905,21.637044120762,0.290390187870002,0,1061.52747395833,16.5040274771832,-0.254072143256663,-393.588996881803,1.19085280281996,15.5474331866714,0.404130072902714,0,1530,11.9714495073963,4.97302994407378,20.1084652866744,1.6418347807871,7.82447680221978,0.803016670123818,0
306,6.42913934215885,6.15306809061783,16.2520548330157,3.05823005605643,21.0102592881008,0.299053201629838,0,1061.42268229166,16.4040274771832,-0.253211180529575,-394.927268973102,1.19811337272404,15.4547549726054,0.406553537621073,0,1538.5,11.8800317659346,5.0326943959786,19.8700719995845,1.65447232265935,7.72182760216745,0.813691477056021,0
314.5,6.42099348892859,6.12839874202034,16.3174760993168,3.06211350859685,20.4165134783103,0.307750160861432,0,1061.326640625,16.3040274771832,-0.252330701923735,-396.305321697335,1.20546302696726,15.3619318060103,0.409010102799786,0,1547,11.7927519831425,5.09080645294675,19.6432531710406,1.66672074277531,7.6229812431432,0.824242524908644,0
323,6.41256821861366,6.10289640884998,16.3856623643468,3.06614056496744,19.8531523796089,0.316483004161749,0,1061.23059895833,16.2040274771832,-0.251426730203306,-397.730185327308,1.21290341533802,15.2690918383701,0.411496988405717,0,1555.5,11.7093396247779,5.14738771942525,19.4273300265724,1.67859713897024,7.52770146240942,0.834675144671386,0
331.5,6.40386628842144,6.07655217063121,16.4567006407537,3.0703109974896,19.3178470238957,0.32525287623447,0,1061.12580729166,16.1040274771832,-0.250493890153376,-399.211333812455,1.22043622861829,15.1763602077363,0.414011345353854,0,1564,11.6295321376521,5.20247200477359,19.2216315452046,1.69011981717885,7.43576223635047,0.844995456748684,0
340,6.39487861369532,6.04935081064689,16.5306994304247,3.07463030643794,18.8084665108686,0.334061541037852,0,1061.029765625,16.0040274771832,-0.249545296976853,-400.7288504791,1.22806319986496,15.0834858697447,0.416560559106747,0,1572.5,11.5531005828244,5.25608283759981,19.025575336188,1.70130437654371,7.34696380465779,0.855208420000138,0
348.5,6.38560239423617,6.02128282329805,16.6077566748852,3.07910105359315,18.323105865814,0.342910495261741,0,1060.92497395833,15.9040274771832,-0.248557123577933,-402.322003733061,1.23578610573949,14.9907183519726,0.419138373469126,0,1581,11.4798338026801,5.30824553769672,18.8386161284074,1.71216569167649,7.26112194982931,0.865318796543183,0
357,6.37602836646187,5.9923323290271,16.6879930065954,3.08372899334816,17.8600234354674,0.351801627242106,0,1060.82018229166,15.8040274771832,-0.247544148552831,-403.968344978503,1.24360676788808,14.8979325063765,0.421748810077526,0,1589.5,11.40952540101,5.35899493105449,18.6602154483328,1.72271966360089,7.17805939038059,0.875332031328657,0
365.5,6.36615398161505,5.9624879198589,16.7715224490327,3.08851672411299,17.4176579524352,0.360736519475693,0,1060.715390625,15.7040274771832,-0.246509346923869,-405.66413098682,1.25152705437463,14.8051283275244,0.4243924921271,0,1598,11.3419988783753,5.40835374128788,18.4899148213237,1.73297928815141,7.09762132564162,0.885252258313681,0
374,6.35597704908799,5.93173814757131,16.85846500843,3.09346673868373,16.9945910403422,0.369716770016083,0,1060.61059895833,15.6040274771832,-0.245440175803331,-407.431259665203,1.25954888116882,14.7123058099821,0.427070058788238,0,1606.5,11.2770955245461,5.45634216791031,18.32729636864,1.74295621670673,7.01966730441714,0.895083062302095,0
382.5,6.34548829892614,5.90006988267844,16.9489517901444,3.09858505917654,16.5895118926173,0.378744434908644,0,1060.50580729166,15.5040274771832,-0.2443445066904,-409.258228697183,1.26767421369176,14.6194649483133,0.429782165721768,0,1615,11.2146536307822,5.50299166104767,18.1719337697419,1.75266381494935,6.94405797571653,0.904829039324264,0
391,6.33468585933683,5.86747108943084,17.0431176354889,3.10387419786237,16.2012426069996,0.387821197397847,0,1060.401015625,15.4040274771832,-0.243221809389214,-411.147340162969,1.27590506842195,14.5266057370797,0.432529485614215,0,1623.5,11.1545272728734,5.54833088316256,18.0234384188348,1.76211418766714,6.87066662942616,0.914494276329685,0
399.5,6.3235603487393,5.8339340869879,17.1410918445311,3.10934043729341,15.8286867302611,0.396949248807071,0,1060.29622395833,15.3040274771832,-0.242069263029164,-413.104905383846,1.28424351456423,14.4337281708405,0.435312708734052,0,1632,11.0965855846347,5.5923833011553,17.881463879513,1.77131812932498,6.79937842195751,0.924082308301747,0
408,6.3121021049757,5.79942516314145,17.2430882694297,3.11499032885018,15.4708384925875,0.406130883609833,0,1060.18268229166,15.2040274771832,-0.240880330246309,-415.143901113662,1.29269167578455,14.3409506032664,0.43812892750279,0,1640.5,11.0407211218023,5.63516135539667,17.7457207865454,1.78028362278673,6.7300951672065,0.933595313450461,0
416.5,6.30030956918824,5.76395283608258,17.3492051104228,3.12082654549891,15.1267936835252,0.415367951638204,0,1060.077890625,15.1040274771832,-0.239668923608397,-417.242246071891,1.30125173201379,14.2480355554611,0.440986077183903,0,1649,10.9868069067293,5.67669964472148,17.6158694767277,1.78902262437969,6.66270885793168,0.943037650474508,0
425,6.28817298847241,5.72748448513943,17.4596719134658,3.12685592385335,14.7957011493468,0.424662896591214,0,1059.96434895833,15.0040274771832,-0.238416610874481,-419.433862570284,1.30992592132374,14.1552189863067,0.443877647760711,0,1657.5,10.9347368727094,5.71702152878665,17.4916255774925,1.79754454608111,6.59712631837671,0.952412460206708,0
433.5,6.27568232538462,5.69004240398029,17.5745614707631,3.1330855955369,14.4767758371041,0.434018277127407,0,1059.85080729166,14.9040274771832,-0.237134299276275,-421.701965110894,1.31871654187857,14.0623825303005,0.44680802087705,0,1666,10.8844148163811,5.75614791040665,17.3727293941158,1.80585790377582,6.53326219470656,0.961722508591559,0
442,6.26283639807571,5.6515819587279,17.6941608084736,3.13951841207496,14.1693131178183,0.443436125303653,0,1059.746015625,14.8040274771832,-0.235820109152788,-424.052046957581,1.32762595396554,13.9694108389286,0.449781696567347,0,1674.5,10.8357545293066,5.79409610091013,17.2589474282783,1.81397020177503,6.47103883505921,0.970970112733391,0
450.5,6.24962717539248,5.61210310393877,17.818632007993,3.14616077386526,13.8726463382741,0.452919014438112,0,1059.63247395833,14.7040274771832,-0.234479224243482,-426.47701655717,1.33665658210858,13.8765353446137,0.452792080381827,0,1683,10.7886664552955,5.8308906486517,17.1500386520065,1.82189009631993,6.41037816713932,0.98015829072117,0
459,6.2360433678828,5.57159188124004,17.9481918510053,3.15302089108766,13.586151128285,0.46246985241454,0,1059.51893229166,14.6040274771832,-0.233096260794523,-429.007310795736,1.34581091726874,13.7836399445886,0.45584369095816,0,1691.5,10.7430725032388,5.86655076096536,17.0457913132494,1.82962488135416,6.35121046599989,0.989289418263736,0
467.5,6.22208215704949,5.53004128098336,18.0830476517199,3.16010286598792,13.3092666460952,0.47209102306347,0,1059.405390625,14.5040274771832,-0.231683512281696,-431.623290821029,1.35509151913579,13.6907246324531,0.458937381026981,0,1700,10.6988946382893,5.90109895789835,16.9459961124961,1.83718235150379,6.29346743428784,0.998366222243046,0
476,6.20772780482169,5.48743559390935,18.2234485104468,3.16741752979062,13.0414449681128,0.481785977132319,0,1059.28309895833,14.4040274771832,-0.23022932625544,-434.34953151472,1.36450101851524,13.597901723673,0.462070210159041,0,NaN,NaN,NaN,NaN,NaN,NaN,NaN,NaN
484.5,6.19297320662468,5.44376506993645,18.3696391587978,3.17497154433813,12.7821944409178,0.49155763794878,0,1059.16955729166,14.3040274771832,-0.228743187208074,-437.171490091358,1.37404211981567,13.5049458122259,0.465250686270172,0,NaN,NaN,NaN,NaN,NaN,NaN,NaN,NaN
493,6.17781824727694,5.39902890284874,18.5218493546564,3.18276815722499,12.5310714954908,0.501408463708834,0,1059.056015625,14.2040274771832,-0.227221616852087,-440.098972031769,1.3837176036411,13.4119699691246,0.468475945117978,0,NaN,NaN,NaN,NaN,NaN,NaN,NaN,NaN
501.5,6.16224522397933,5.35319780781289,18.6804231022534,3.19081985923079,12.2876275652629,0.511342427479016,0,1058.93372395833,14.1040274771832,-0.225656357796517,-443.151706322291,1.39353032949377,13.3190842430269,0.471743041228161,0,NaN,NaN,NaN,NaN,NaN,NaN,NaN,NaN
510,6.14624460346817,5.30630396347826,18.8455091695219,3.19913520533563,12.0514600068003,0.521362996984112,0,1058.82018229166,14.0040274771832,-0.224063885908007,-446.301284094736,1.40348323859278,13.2260677605082,0.475060722578526,0,NaN,NaN,NaN,NaN,NaN,NaN,NaN,NaN
518.5,6.12981163494874,5.2583060487421,19.0175313253062,3.20772049507449,11.8222018031798,0.531473359344077,0,1058.697890625,13.9040274771832,-0.222416512917985,-449.606905027211,1.41357935681447,13.1331398695571,0.478422172426879,0,NaN,NaN,NaN,NaN,NaN,NaN,NaN,NaN
527,6.11292974496561,5.20920564796785,19.1967848378208,3.2165884635696,11.5994871820979,0.541677852524096,0,1058.57559895833,13.8040274771832,-0.220736826757002,-453.028166931497,1.42382179776064,13.0401905076659,0.481832324726076,0,NaN,NaN,NaN,NaN,NaN,NaN,NaN,NaN
535.5,6.09559766958021,5.15900810632915,19.3835710157769,3.22574409537011,11.38300218409,0.551979627655836,0,1058.45330729166,13.7040274771832,-0.219016852039302,-456.585870305794,1.4342137659613,12.9472196673924,0.485292245639717,0,NaN,NaN,NaN,NaN,NaN,NaN,NaN,NaN
544,6.07779712499251,5.10770160963929,19.5782775977515,3.23520163609139,11.172421185648,0.562383497970065,0,1058.331015625,13.6040274771832,-0.217255442304202,-460.287663864271,1.44475856021864,12.8542273412911,0.48880303267987,0,NaN,NaN,NaN,NaN,NaN,NaN,NaN,NaN
552.5,6.05951634735172,5.05528570173504,19.7812756587978,3.24497225442613,10.9674504024465,0.572893888426245,0,1058.20872395833,13.5040274771832,-0.215449941362715,-464.144939504288,1.45545957709984,12.7612135219129,0.492365815867781,0,NaN,NaN,NaN,NaN,NaN,NaN,NaN,NaN
561,6.0407554887182,5.00176928587776,19.9929253599011,3.25506104956529,10.7678350957544,0.583514258094181,0,1058.08643229167,13.4040274771832,-0.213602958061829,-468.158310668405,1.46632031458622,12.6681782018053,0.495981758946538,0,NaN,NaN,NaN,NaN,NaN,NaN,NaN,NaN
569.5,6.02148965121145,4.94715147010167,20.2136523622441,3.26548693442963,10.5732917492738,0.594250632269852,0,1057.964140625,13.3040274771832,-0.211710758297842,-472.342552660062,1.47734437588715,12.5751213735125,0.499652060648426,0,NaN,NaN,NaN,NaN,NaN,NaN,NaN,NaN
578,6.00171449249267,4.8914333224286,20.4439053766657,3.27625816986328,10.3835890873576,0.605107275944655,0,1057.84184895833,13.2040274771832,-0.209772990028629,-476.705795089981,1.4885354734274,12.4820430295751,0.503377956019869,0,NaN,NaN,NaN,NaN,NaN,NaN,NaN,NaN
586.5,5.98142143868059,4.83462797042066,20.6841148092103,3.28738566056792,10.1985020267359,0.616089038439951,0,1057.71080729167,13.1040274771832,-0.207789681280335,-481.255851512122,1.49989743301718,12.3890456510858,0.507156522312833,0,NaN,NaN,NaN,NaN,NaN,NaN,NaN,NaN
595,5.96058615319004,4.77673114748868,20.9348185845825,3.29888944083709,10.0177918541009,0.627202620965566,0,1057.588515625,13.0040274771832,-0.205759999954154,-486.003110528195,1.51143419821473,12.2959234948748,0.510997430148174,0,NaN,NaN,NaN,NaN,NaN,NaN,NaN,NaN
603.5,5.93920516133382,4.71776506896556,21.1964772595017,3.31077857303306,9.84126787296407,0.638452828262175,0,1057.45747395833,12.9040274771832,-0.203680657308558,-490.964637101052,1.52314983489198,12.2028807729545,0.514893607836038,0,NaN,NaN,NaN,NaN,NaN,NaN,NaN,NaN
612,5.91726994096125,4.65774888855985,21.4695988110513,3.32306532802292,9.66874173359681,0.649845189818947,0,1057.33518229167,12.8040274771832,-0.201566133673714,-496.115087278875,1.53504853601426,12.1097147731638,0.51885493794649,0,NaN,NaN,NaN,NaN,NaN,NaN,NaN,NaN
620.5,5.89475398011131,4.5966813956731,21.7548251427934,3.33577264386923,9.50000641436149,0.66138748050539,0,1057.204140625,12.7040274771832,-0.199373501689403,-501.571167445243,1.54713462664598,12.0166266750269,0.522874303837482,0,NaN,NaN,NaN,NaN,NaN,NaN,NaN,NaN
629,5.87165207181095,4.53458882779718,22.0527160890524,3.34891211768703,9.33489995518434,0.673085446801182,0,1057.07309895833,12.6040274771832,-0.197147129672046,-507.235383879794,1.5594125691948,11.923515497276,0.526957448800652,0,NaN,NaN,NaN,NaN,NaN,NaN,NaN,NaN
637.5,5.84795517238374,4.47151224756238,22.3637987471721,3.36249804292115,9.1732630155039,0.684945509199971,0,1056.94205729167,12.5040274771832,-0.194866004795327,-513.173142257588,1.57188696890764,11.8303812313268,0.531105903040704,0,NaN,NaN,NaN,NaN,NaN,NaN,NaN,NaN
646,5.82364881199366,4.40746254533731,22.6887917869639,3.37654845034493,9.01493624147625,0.696975013341933,0,1056.811015625,12.4040274771832,-0.192533119949951,-519.391157355134,1.58456257963278,11.7372238685906,0.535321246107754,0,NaN,NaN,NaN,NaN,NaN,NaN,NaN,NaN
654.5,5.79870994958113,4.34246205787062,23.0284107649834,3.39108711991139,8.8597554615449,0.70918270086023,0,1056.68872395833,12.3040274771832,-0.190144634433828,-525.915444828398,1.5974443098632,11.6439469809923,0.539609577185154,0,NaN,NaN,NaN,NaN,NaN,NaN,NaN,NaN
663,5.77313333437599,4.27655418011307,23.383311841347,3.40612827984542,8.70759175622321,0.721575549598897,0,1056.55768229167,12.2040274771832,-0.187701561181771,-532.760619413068,1.61053722907728,11.5507441588165,0.543963680676254,0,NaN,NaN,NaN,NaN,NaN,NaN,NaN,NaN
671.5,5.74690542691365,4.20977559976035,23.7542352627282,3.42169173941263,8.55831039004267,0.734161887197954,0,1056.426640625,12.1040274771832,-0.185201287918448,-539.953048512461,1.62384657439414,11.4575182144425,0.548389728873351,0,NaN,NaN,NaN,NaN,NaN,NaN,NaN,NaN
680,5.72000514605859,4.14215678539867,24.1420122851229,3.43780270832739,8.41177227361557,0.746951427452152,0,1056.28684895833,12.0040274771832,-0.182640780177799,-547.522847321673,1.63737775756192,11.364363277855,0.55288493983849,0,NaN,NaN,NaN,NaN,NaN,NaN,NaN,NaN
688.5,5.69242655462385,4.07375165120436,24.5473972303727,3.45447829053683,8.26786718173399,0.759952375754279,0,1056.15580729167,11.9040274771832,-0.180022677537677,-555.485571972293,1.65113637229859,11.2710903022056,0.557460293433197,0,NaN,NaN,NaN,NaN,NaN,NaN,NaN,NaN
697,5.66415043509881,4.00460034195544,24.9712808922076,3.47174454509185,8.12647121248036,0.773175114129499,0,1056.024765625,11.8040274771832,-0.177343388900297,-563.877800126063,1.66512820200635,11.177794178148,0.562113168934788,0,NaN,NaN,NaN,NaN,NaN,NaN,NaN,NaN
705.5,5.63516734881161,3.93475946149107,25.4145141472269,3.48962265733294,7.98748029597677,0.786629209006547,0,1055.89372395833,11.7040274771832,-0.174602459493473,-572.729618414902,1.67935922788175,11.0844748970637,0.566845553400463,0,NaN,NaN,NaN,NaN,NaN,NaN,NaN,NaN
714,5.60546521798415,3.86428519317277,25.8780071866008,3.50813648278023,7.85079162182654,0.800325063998802,0,1055.76268229167,11.6040274771832,-0.171797571626868,-582.080404589146,1.69383563744574,10.9911324503298,0.571659502382854,0,NaN,NaN,NaN,NaN,NaN,NaN,NaN,NaN
722.5,5.57502376843332,3.7932266532609,26.3627800658929,3.52731622384907,7.71629587326411,0.81427480365935,0,1055.631640625,11.5040274771832,-0.168927719864625,-591.969157460587,1.70856383351888,10.8977668293195,0.576557142907044,0,NaN,NaN,NaN,NaN,NaN,NaN,NaN,NaN
731,5.54384382443753,3.72166187513374,26.8697166360409,3.54718003321089,7.5839176804891,0.828488068026389,0,1055.49184895833,11.4040274771832,-0.165991506232252,-602.440463791455,1.72355044366941,10.8044675934143,0.58153585568709,0,NaN,NaN,NaN,NaN,NaN,NaN,NaN,NaN
739.5,5.51189748242936,3.64963823702424,27.3999759717379,3.56776562895989,7.4535462913176,0.842979309660782,0,1055.36080729167,11.3040274771832,-0.162987156863227,-613.54527512813,1.73880233016325,10.7110548345947,0.586607519446737,0,NaN,NaN,NaN,NaN,NaN,NaN,NaN,NaN
748,5.479179692611,3.57722894323397,27.9545988212864,3.58909763072664,7.3251065409238,0.857760262199161,0,1055.229765625,11.2040274771832,-0.159912834524308,-625.340675734185,1.75432660044741,10.6176188752098,0.591769716075389,0,NaN,NaN,NaN,NaN,NaN,NaN,NaN,NaN
756.5,5.44568414675792,3.50451024068906,28.534657664558,3.61120279374297,7.19852497919091,0.8728434401968,0,1055.09872395833,11.1040274771832,-0.156767015977104,-637.88928670177,1.77013061820048,10.524159706615,0.597024891519868,0,NaN,NaN,NaN,NaN,NaN,NaN,NaN,NaN
765,5.41139373470434,3.43154555696457,29.1413878498692,3.63411656346,7.07371730026711,0.888243767805412,0,1054.96768229167,11.0040274771832,-0.153547955593373,-651.262334386406,1.78622201498641,10.4306773201617,0.602375580637961,0,NaN,NaN,NaN,NaN,NaN,NaN,NaN,NaN
773.5,5.37629738138492,3.35840557996315,29.7760343767346,3.6578721760257,6.95061070637999,0.903976006225212,0,1054.836640625,10.9040274771832,-0.150253646210888,-665.541253219539,1.80260870255012,10.3371717071967,0.607824411275401,0,NaN,NaN,NaN,NaN,NaN,NaN,NaN,NaN
782,5.34039244474221,3.28516929908754,30.4398315264225,3.68249886865075,6.82914634877521,0.920054277106898,0,1054.70559895834,10.8040274771832,-0.146883491566722,-680.811702754048,1.81929888579685,10.2436428590629,0.613374108569261,0,NaN,NaN,NaN,NaN,NaN,NaN,NaN,NaN
790.5,5.30366547638227,3.21190199638149,31.1342002690802,3.70803507636288,6.70925423957276,0.93649533656362,0,1054.57455729167,10.7040274771832,-0.143433775374104,-697.185859740359,1.83630107649981,10.1500907670986,0.619027499492565,0,NaN,NaN,NaN,NaN,NaN,NaN,NaN,NaN
799,5.26610570669027,3.13867127219089,31.8606159510922,3.73451950576545,6.59087072176504,0.95331642394845,0,1054.443515625,10.6040274771832,-0.139903369030407,-714.779069961251,1.85362410778447,10.0565154226378,0.624787517656046,0,NaN,NaN,NaN,NaN,NaN,NaN,NaN,NaN
807.5,5.22771393733736,3.06554731000476,32.6206024202069,3.76198475116191,6.4739491484054,0.970533620692278,0,1054.31247395834,10.5040274771832,-0.136290648367233,-733.726056761807,1.87127714944108,9.96291681701028,0.630657208384188,0,NaN,NaN,NaN,NaN,NaN,NaN,NaN,NaN
816,5.18847845769251,2.99258522064194,33.4159239009237,3.79047444760798,6.35842948246631,0.988166232637445,0,1054.18143229167,10.4040274771832,-0.132593627098088,-754.184059887161,1.88926972412145,9.86929494154156,0.636639734084,0,NaN,NaN,NaN,NaN,NaN,NaN,NaN,NaN
824.5,5.1483952626064,2.91984005200923,34.2484513599254,3.82002908919506,6.24426350831582,1.00623320889836,0,1054.059140625,10.3040274771832,-0.128804854122057,-776.36825631772,1.90761172448003,9.77556863751825,0.642743715497528,0,NaN,NaN,NaN,NaN,NaN,NaN,NaN,NaN
833,5.10745698336634,2.84735145663742,35.1203571188557,3.85069412593972,6.13140094041577,1.02475525059262,0,1053.93684895834,10.2040274771832,-0.124927704449199,-800.462959284299,1.92631343132413,9.68182058276871,0.648967335581712,0,NaN,NaN,NaN,NaN,NaN,NaN,NaN,NaN
841.5,5.0656537169762,2.77514117283573,36.0342028646481,3.88251971488809,6.0197905133407,1.04375481061262,0,1053.80580729167,10.1040274771832,-0.120961240160033,-826.711100743503,1.94538553284346,9.58813038158429,0.655308705360073,0,NaN,NaN,NaN,NaN,NaN,NaN,NaN,NaN
850,5.0229823108316,2.70323096279163,36.9927695326225,3.91555384987137,5.90939095391953,1.06325429408459,0,1053.683515625,10.0040274771832,-0.116896727470698,-855.45594101483,1.96483914499439,9.49433803303758,0.661782347048936,0,NaN,NaN,NaN,NaN,NaN,NaN,NaN,NaN
858.5,4.97943925991434,2.63161121221565,37.9995341013182,3.94984778852275,5.80016221306271,1.08327751472692,0,1053.56122395834,9.90402747718321,-0.112735611996236,-887.031153947507,1.98468583312091,9.40052391067771,0.668386716195972,0,NaN,NaN,NaN,NaN,NaN,NaN,NaN,NaN
867,4.93501152159441,2.56025387130907,39.0586266153636,3.98546373505176,5.69205481152758,1.10385186285537,0,1053.44768229167,9.80402747718321,-0.108470515117735,-921.909515147584,2.00493763490053,9.30661070500961,0.675131420700497,0,NaN,NaN,NaN,NaN,NaN,NaN,NaN,NaN
875.5,4.88967881222515,2.4890779478503,40.1755196482959,4.0224739193114,5.58501292087396,1.12500819536088,0,1053.334140625,9.70402747718321,-0.104101967726165,-960.596636012153,2.02560708471101,9.21267725303697,0.682015133560478,0,NaN,NaN,NaN,NaN,NaN,NaN,NaN,NaN
884,4.84342730850092,2.41799978204215,41.3564966972593,4.06095000945795,5.47899016798747,1.14677798545631,0,1053.21184895834,9.60402747718321,-0.0996261563091985,-1003.75246526265,2.04670723952152,9.1187993058395,0.689036472505318,0,NaN,NaN,NaN,NaN,NaN,NaN,NaN,NaN
892.5,4.79623450272869,2.34686791680057,42.6099821315584,4.10097598482971,5.37393221594251,1.16919697806006,0,1053.10705729167,9.50402747718321,-0.0950421058552011,-1052.16523876641,2.06825170642077,9.02474958398362,0.696217135856098,0,NaN,NaN,NaN,NaN,NaN,NaN,NaN,NaN
901,4.74806740221444,2.27548943556813,43.9465894400132,4.1426509018581,5.2697751411925,1.19230614947221,0,1052.993515625,9.40402747718321,-0.090350018201282,-1106.80663923299,2.09025467190418,8.9307553537986,0.703544667641926,0,NaN,NaN,NaN,NaN,NaN,NaN,NaN,NaN
909.5,4.69886468916381,2.20356920785383,45.3809209366268,4.18610633988619,5.16642626626038,1.21615696873722,0,1052.88872395834,9.30402747718321,-0.0855351237083427,-1169.11036851925,2.11273093305255,8.836667413632,0.711035621583624,0,NaN,NaN,NaN,NaN,NaN,NaN,NaN,NaN
918,4.64858102263807,2.13078692665523,46.9310181834903,4.23146948221613,5.06381375015041,1.2408010280775,0,1052.79268229167,9.20402747718321,-0.0805866367414098,-1240.90052698048,2.13569593074657,8.74248808145998,0.718695324332693,0,NaN,NaN,NaN,NaN,NaN,NaN,NaN,NaN
926.5,4.59711083484441,2.05667533129535,48.6221614458793,4.2789336580665,4.96180338353417,1.26631081917321,0,1052.696640625,9.10402747718321,-0.0755176627940231,-1324.1935237423,2.15916578507372,8.64829156458408,0.72652329772392,0,NaN,NaN,NaN,NaN,NaN,NaN,NaN,NaN
935,4.54433969248434,1.98064990261688,50.4884784877317,4.32871698144521,4.86025635559823,1.29276829193225,0,1052.60059895834,9.00402747718321,-0.0703240183534639,-1421.98927679841,2.18315733309851,8.55407785830037,0.734525148269811,0,NaN,NaN,NaN,NaN,NaN,NaN,NaN,NaN
943.5,4.49009485679988,1.90206834693798,52.5743463219836,4.38111375744222,4.75897706073119,1.32028064581892,0,1052.51330729167,8.90402747718321,-0.0649893910542676,-1538.71267875857,2.20768816918213,8.4597766275232,0.742712908841795,0,NaN,NaN,NaN,NaN,NaN,NaN,NaN,NaN
952,4.4341615236423,1.81998010048254,54.9456557099095,4.43648795505218,4.65773269290158,1.34897936860035,0,1052.426015625,8.80402747718321,-0.0595267642211332,-1679.91661076209,2.23277668805469,8.36545975343908,0.751086669754946,0,NaN,NaN,NaN,NaN,NaN,NaN,NaN,NaN
960.5,4.37624406638633,1.73346048729214,57.688075807376,4.49532269053323,4.55621454074579,1.37903631424501,0,1052.35622395834,8.70402747718321,-0.053890897062949,-1855.6009539643,2.25844213086172,8.27098968868531,0.759665474589451,0,NaN,NaN,NaN,NaN,NaN,NaN,NaN,NaN
969,4.31591601467263,1.64123040147437,60.9298974173075,4.55829047987333,4.4539896952246,1.41068698787431,0,1052.27768229167,8.60402747718321,-0.04813190461841,-2077.62399582565,2.28470463442751,8.17657508277207,0.768437303342101,0,NaN,NaN,NaN,NaN,NaN,NaN,NaN,NaN
977.5,4.25262400705444,1.54204121228944,64.8491098701129,4.62627846173216,4.35051049315032,1.44424092691471,0,1052.216640625,8.50402747718321,-0.0421774485817483,-2370.93525954231,2.31158528400067,8.08201196298505,0.777428360160324,0,NaN,NaN,NaN,NaN,NaN,NaN,NaN,NaN
986,4.1856111907709,1.43465879321576,69.7029847604753,4.70051178199719,4.24504177562972,1.48012331545254,0,1052.15559895834,8.40402747718321,-0.0360753511939304,-2771.97578652608,2.33910616977241,7.98743787088472,0.78663338716945,0,NaN,NaN,NaN,NaN,NaN,NaN,NaN,NaN
994.5,4.11384231425432,1.3182294845437,75.8593258400792,4.78270486729675,4.13659357893848,1.51892739455249,0,1052.11205729167,8.30402747718321,-0.0297899299825724,-3356.8390411962,2.36729044748649,7.89272152108903,0.796073355735556,0,NaN,NaN,NaN,NaN,NaN,NaN,NaN,NaN
1003,4.0359462001877,1.19287313323795,83.8312115627577,4.87523514969719,4.02387457645833,1.56147642969275,0,1052.068515625,8.20402747718321,-0.0233320713407119,-4285.94609281479,2.39616240349049,7.79799733129495,0.805743454407696,0,NaN,NaN,NaN,NaN,NaN,NaN,NaN,NaN
1011.5,3.95013606838182,1.06055488418487,94.2902639846485,4.98140630460936,3.90522596972993,1.60891721910118,0,1052.03372395834,8.10402747718321,-0.0166814992764846,-5994.6650083765,2.42574752461317,7.703201230747,0.815658986305656,0,NaN,NaN,NaN,NaN,NaN,NaN,NaN,NaN
1020,3.85431911070903,0.92624060178492,107.96330867735,5.10556702646271,3.77874422618532,1.66277073310212,0,1052.01643229167,8.00402747718321,-0.00981913503841406,-10184.1964296024,2.45607257329075,7.6082722964199,0.825836019320203,0,NaN,NaN,NaN,NaN,NaN,NaN,NaN,NaN
1028.5,3.74647205727372,0.798406371653214,125.249501444904,5.25294472833079,3.64265635126273,1.72489104139662,0,1052.007890625,7.90402747718321,-0.00275346053971182,-36317.9346708437,2.48716566840828,7.51327774973949,0.836277523135285,0,NaN,NaN,NaN,NaN,NaN,NaN,NaN,NaN
1037,3.62568382641469,0.687766061136698,145.39827660982,5.42846147786129,3.49631998689941,1.79708531562399,0,1052.00809895834,7.80402747718321,0.00454896107041457,21983.0415015811,2.51905637236982,7.41821995943805,0.84699366445526,0,NaN,NaN,NaN,NaN,NaN,NaN,NaN,NaN
1045.5,3.49372664396134,0.60342191480904,165.721525098481,5.63414433798196,3.34168019508497,1.88024734276519,0,1052.01705729167,7.70402747718321,0.0120747985782761,8281.71164527008,2.55177578496504,7.32310129744149,0.857995137848875,0,NaN,NaN,NaN,NaN,NaN,NaN,NaN,NaN
1054,3.35579772182314,0.548337963579422,182.369280702768,5.86651356177257,3.18386880628381,1.97344353347061,0,1052.052265625,7.60402747718321,0.0198773014885498,5030.86397605855,2.58535664465925,7.22780390826478,0.86930766065678,0,NaN,NaN,NaN,NaN,NaN,NaN,NaN,NaN
1062.5,3.21895575096754,0.518661916566421,192.803822308773,6.11683881315048,3.02960541267533,2.07392859838837,0,1052.09622395834,7.50402747718321,0.0279253190804765,3580.97967338583,2.61983343800154,7.13245357820082,0.880929015280676,0,NaN,NaN,NaN,NaN,NaN,NaN,NaN,NaN
1071,3.08924275738339,0.507270452277235,197.133500583526,6.37471964121598,2.88444701903211,2.17829804663493,0,1052.15768229167,7.40402747718321,0.0362737850223021,2756.81183914271,2.65524251792023,7.03699417092764,0.89287914051964,0,NaN,NaN,NaN,NaN,NaN,NaN,NaN,NaN
1079.5,2.97002672309552,0.507484124514033,197.050499058981,6.63172542447623,2.75129849290924,2.28371633371402,0,1052.236640625,7.30402747718321,0.0449271298563443,2225.82658451035,2.69162223176025,6.94143046838285,0.90517154004474,0,NaN,NaN,NaN,NaN,NaN,NaN,NaN,NaN
1088,2.86230689348769,0.51451928463978,194.356174754482,6.8824883888207,2.63079677710265,2.38832028451068,0,1052.33309895834,7.20402747718321,0.0539093110279323,1854.96713078352,2.7290130600113,6.84576726163436,0.917820467311583,0,NaN,NaN,NaN,NaN,NaN,NaN,NaN,NaN
1096.5,2.76565811309312,0.525358494595477,190.346213164402,7.12422987134715,2.52226002106076,2.49109340619732,0,1052.45580729167,7.10402747718321,0.0632526973452508,1580.96024670967,2.76745776678379,6.74995323125663,0.93084871730435,0,NaN,NaN,NaN,NaN,NaN,NaN,NaN,NaN
1105,2.67906213580739,0.538198077050642,185.805197499044,7.35576132997651,2.42449062064017,2.59154861383648,0,1052.604765625,7.00402747718321,0.0729777309974792,1370.28102454232,2.80700156320994,6.6539955982666,0.944272537363324,0,NaN,NaN,NaN,NaN,NaN,NaN,NaN,NaN
1113.5,2.60130701963084,0.551980001826221,181.165983675406,7.57690245249981,2.33615358745473,2.68954290544964,0,1052.77122395834,6.90402747718321,0.083117774926516,1203.11209110698,2.84769228508484,6.55795610676422,0.958101152994723,0,NaN,NaN,NaN,NaN,NaN,NaN,NaN,NaN
1122,2.53124227149461,0.566084668610006,176.65201964495,7.78791434668748,2.25600915462977,2.78508856858371,0,1052.97213541667,6.80402747718321,0.0937252276552719,1066.9485953964,2.88958058621713,6.46173554677286,0.972368067634331,0,NaN,NaN,NaN,NaN,NaN,NaN,NaN,NaN
1130.5,2.46783936238971,0.580150715247117,172.369002350371,7.98928906708501,2.18296272657206,2.87828336723192,0,1053.205859375,6.70402747718321,0.104831812166169,953.908913083461,2.93272014913512,6.36535338035581,0.987091357185321,0,NaN,NaN,NaN,NaN,NaN,NaN,NaN,NaN
1139,2.41021614820089,0.593967874589581,168.3592737555,8.18158951270984,2.11608090272247,2.96925571186616,0,1053.47239583334,6.60402747718321,0.116477143575013,858.537537328929,2.97716791499438,6.26881872112006,1.0022917533109,0,NaN,NaN,NaN,NaN,NaN,NaN,NaN,NaN
1147.5,2.35760393726848,0.607418175446432,164.631227780603,8.36546350582234,2.05455680807711,3.05817063927286,0,1053.78268229167,6.50402747718321,0.128750852513057,776.693886278217,3.02298433476041,6.17207664016537,1.01800182879959,0,NaN,NaN,NaN,NaN,NaN,NaN,NaN,NaN
1156,2.30937852850791,0.620435248125776,161.17717409203,8.54144663302684,1.99773229109681,3.14515880590284,0,1054.13125,6.40402747718321,0.141691011527265,705.761070671426,3.07023364400079,6.07517088330623,1.03424009429018,0,NaN,NaN,NaN,NaN,NaN,NaN,NaN,NaN
1164.5,2.26499390205665,0.632987377188882,157.981033435617,8.71011266029937,1.94503555350507,3.23037041449289,0,1054.52903645833,6.30402747718321,0.155382465369163,643.573261387097,3.11898416391788,5.97805016195236,1.05104258695741,0,NaN,NaN,NaN,NaN,NaN,NaN,NaN,NaN
1173,2.22398394936423,0.645072019971582,155.021450169867,8.87200998550703,1.89597949647419,3.31395213865126,0,1054.97604166667,6.20402747718321,0.169919672689112,588.513374687118,3.16930863159453,5.88072831244773,1.06843659039306,0,NaN,NaN,NaN,NaN,NaN,NaN,NaN,NaN
1181.5,2.18597769906273,0.656682690772843,152.280547980199,9.02754009637759,1.85017156078098,3.39600145217202,0,1055.488671875,6.10402747718321,0.185427690843312,539.29377831977,3.22128456281634,5.78312931235902,1.08646806388228,0,NaN,NaN,NaN,NaN,NaN,NaN,NaN,NaN
1190,2.15063257755758,0.667832850420817,149.738066848595,9.17717678048566,1.80725426685511,3.47664710074984,0,1056.06145833333,6.00402747718321,0.202004199578995,495.039213087719,3.27499465128407,5.68530120080199,1.10516313652709,0,NaN,NaN,NaN,NaN,NaN,NaN,NaN,NaN
1198.5,2.11766885838581,0.678536802879969,147.375941254125,9.32129281506536,1.76693271454802,3.55598447832622,0,1056.71627604167,5.90402747718321,0.219857489956108,454.840087640243,3.33052720854946,5.58714539658553,1.12457880745674,0,NaN,NaN,NaN,NaN,NaN,NaN,NaN,NaN
1207,2.08684476296586,0.688810588805908,145.177791435169,9.46023002123073,1.72895175059309,3.63410101237599,0,1057.453125,5.80402747718321,0.239150477922016,418.146770472309,3.38797664960744,5.48868535159249,1.14475232313264,0,NaN,NaN,NaN,NaN,NaN,NaN,NaN,NaN
1215.5,2.05794658772723,0.69867204165935,143.128669872777,9.5943195866075,1.69308645637782,3.71108355601746,0,1058.28294270833,5.70402747718321,0.260087989220337,384.485267081224,3.44744402977357,5.38988889170375,1.16573558999534,0,NaN,NaN,NaN,NaN,NaN,NaN,NaN,NaN
1224,2.03079172155491,0.708140494205215,141.214915427532,9.72384823821499,1.65914356336186,3.78700520312312,0,1059.22760416667,5.60402747718321,0.282995027118643,353.363099762442,3.50903763928298,5.29067355791969,1.18759648245056,0,NaN,NaN,NaN,NaN,NaN,NaN,NaN,NaN
1232.5,2.00521777690583,0.717233949476072,139.424521208245,9.84909136111452,1.62695154312846,3.86193758118798,0,1060.303515625,5.50402747718321,0.308243697105382,324.418636744459,3.57287366298799,5.19099238668358,1.21040156469846,0,NaN,NaN,NaN,NaN,NaN,NaN,NaN,NaN
1241,1.98108286564811,0.725978163419798,137.74518992271,9.97029809615697,1.59636008513143,3.93594488217379,0,1061.52161458333,5.40402747718321,0.336209628364903,297.433480671963,3.63907691362971,5.09083131510646,1.23421596950874,0,NaN,NaN,NaN,NaN,NaN,NaN,NaN,NaN
1249.5,1.95825892440777,0.734368349201998,136.171445989829,10.0877126894029,1.56723403313947,4.00909192521372,0,1062.91471354167,5.30402747718321,0.367407493739422,272.177355399625,3.70778164844478,4.99007814042767,1.25913565486594,0,NaN,NaN,NaN,NaN,NaN,NaN,NaN,NaN
1258,1.93663995700308,0.742442958312505,134.690482117696,10.2015215359707,1.53945942528067,4.08142313074218,0,1064.51904296875,5.20402747718321,0.402567015963795,248.40584557229,3.77913248037839,4.88861849072246,1.28526808117748,0,NaN,NaN,NaN,NaN,NaN,NaN,NaN,NaN
1266.5,1.91613234970664,0.750208316723389,133.296309532744,10.3118921749059,1.5129351359705,4.15297732057039,0,1066.36263020833,5.10402747718321,0.442394193818537,226.042749650142,3.85328539695223,4.78639004461929,1.31271903221572,0,NaN,NaN,NaN,NaN,NaN,NaN,NaN,NaN
1275,1.89663797588494,0.75768502632324,131.980963759126,10.4190594750753,1.4875591967725,4.22382203062033,0,1068.50016276042,5.00402747718321,0.487914397194404,204.953984910095,3.93040890193611,4.6832257509962,1.34163622281993,0,NaN,NaN,NaN,NaN,NaN,NaN,NaN,NaN
1283.5,1.87808766609127,0.764881700050875,130.739171813561,10.5231379713544,1.46325490151248,4.29397865039442,0,1071,4.90402747718321,0.540290097577623,185.085753835481,4.01068529746011,4.5789238815903,1.37219693309193,0,NaN,NaN,NaN,NaN,NaN,NaN,NaN,NaN
1292,1.86041142946648,0.771813327871586,129.565007999756,10.6242771803708,1.43994692683164,4.3634839521514,0,1079.5,4.65223758212761,0.71117739004552,140.611894303332,4.22813758472878,4.3096225865008,1.45794328414295,0,NaN,NaN,NaN,NaN,NaN,NaN,NaN,NaN
1300.5,1.84354462759055,0.778492397586577,128.453405980601,10.7226254003365,1.41756603428723,4.4323757449076,0,1088,4.48052248069188,0.866392706427463,115.421100914326,4.39049209643672,4.11812728004768,1.52573849225632,0,NaN,NaN,NaN,NaN,NaN,NaN,NaN,NaN
1309,1.82742304360994,0.784933228770995,127.39937148103,10.8183559702511,1.39604510588994,4.50070365253293,0,1096.5,4.35239740042899,1.00114310905962,99.8858196146709,4.52000352134111,3.96935467435385,1.58292362931826,0,NaN,NaN,NaN,NaN,NaN,NaN,NaN,NaN
1317.5,1.81200788399469,0.791143247289708,126.399359841064,10.9115142199392,1.37533805236789,4.56846612828167,0,1105,4.25063021333518,1.11398350752211,89.7679358130131,4.62845318788418,3.84672417496396,1.63338597242638,0,NaN,NaN,NaN,NaN,NaN,NaN,NaN,NaN
1326,1.79724171218675,0.797136647990314,125.449005828691,11.0022770825142,1.35538590662651,4.63571686592059,0,1113.5,4.16600768020503,1.20622035778662,82.9035916650394,4.7226805581,3.74136298177371,1.67938404741495,0,NaN,NaN,NaN,NaN,NaN,NaN,NaN,NaN
1334.5,1.78308067506665,0.802923482001996,124.544869145764,11.0907593992099,1.33614138259022,4.70248537246792,0,1122,4.09319951199644,1.28052796237211,78.0927890202065,4.80688158559335,3.64812790730521,1.72230400545929,0,NaN,NaN,NaN,NaN,NaN,NaN,NaN,NaN
1343,1.76949805265288,0.808510207476437,123.684276432483,11.1769840088169,1.31757114866186,4.76876357953104,0,1130.5,4.02892067665091,1.33995274544914,74.629497450286,4.88375708415982,3.5638396078292,1.7630381831372,0,NaN,NaN,NaN,NaN,NaN,NaN,NaN,NaN
1351.5,1.75644541370407,0.813908760316901,122.863894426034,11.2611254292838,1.29962664720982,4.83460793964867,0,1139,3.9710460146163,1.38735869951983,72.0794125085391,4.95511043796164,3.48643197069035,1.80218210479967,0,NaN,NaN,NaN,NaN,NaN,NaN,NaN,NaN
1360,1.74390190062229,0.819125791390572,122.081371446304,11.3431953775669,1.2822808092811,4.90000728522345,0,1147.5,3.91814292725816,1.42520483548936,70.1653527337799,5.02218546487002,3.41450364031213,1.84014602678978,0,NaN,NaN,NaN,NaN,NaN,NaN,NaN,NaN
1368.5,1.73182662522351,0.824170715015606,121.33408549721,11.4233476036857,1.26549260155171,4.96501148997264,0,1156,3.86922816792447,1.45552008862925,68.7039641577024,5.08584212791487,3.34708319024608,1.87721217252376,0,NaN,NaN,NaN,NaN,NaN,NaN,NaN,NaN
1377,1.72019687619061,0.82905075549199,120.619876814003,11.5016281960614,1.24923520420523,5.02962555492259,0,1164.5,3.82358247976363,1.47989807203804,67.5722212829731,5.14671944652631,3.28345425484211,1.9135900242599,0,NaN,NaN,NaN,NaN,NaN,NaN,NaN,NaN
1385.5,1.70899373111088,0.833774768904421,119.93646693267,11.5780657837884,1.23348519026408,5.09384738201391,0,1173,3.78067126414169,1.49962424580423,66.6833710376372,5.20529585889634,3.22307865655728,1.94943592034175,0,NaN,NaN,NaN,NaN,NaN,NaN,NaN,NaN
1394,1.69818239524322,0.838344063315855,119.282767512512,11.6528065540283,1.21820831796501,5.1577264861198,0,1181.5,3.74012168241442,1.5156458214216,65.9784750412236,5.26188887235403,3.16557061567027,1.9848507804806,0,NaN,NaN,NaN,NaN,NaN,NaN,NaN,NaN
1402.5,1.68773992758541,0.842772096843839,118.656040434297,11.725925825522,1.20337962751188,5.22128276358705,0,1190,3.70160052233552,1.5288313619521,65.4094378809148,5.31680426382121,3.11058867423153,2.01993447710725,0,NaN,NaN,NaN,NaN,NaN,NaN,NaN,NaN
1411,1.67766266585826,0.847061724849417,118.055151196658,11.7973696449235,1.18898842371245,5.28447979969497,0,1198.5,3.66489160414338,1.53969581098236,64.9478937896165,5.37021506756943,3.05789871017386,2.0547395132072,0,NaN,NaN,NaN,NaN,NaN,NaN,NaN,NaN
1419.5,1.66791200483772,0.851220870206157,117.478322607129,11.8673378138126,1.17499965117134,5.34739333830096,0,1207,3.62978908984997,1.5487452303113,64.5683990128577,5.42230352447277,3.00728176458158,2.08932378109033,0,NaN,NaN,NaN,NaN,NaN,NaN,NaN,NaN
1428,1.65848569136699,0.855251189388094,116.924713161226,11.935778044325,1.16140454577521,5.40998856086424,0,1215.5,3.59614751766599,1.5563527669687,64.2527851797824,5.47318271875207,2.95857467516741,2.12372037113583,0,NaN,NaN,NaN,NaN,NaN,NaN,NaN,NaN
1436.5,1.64936488158602,0.859162018074852,116.392482321405,12.0027615485179,1.14818300145216,5.47228560188835,0,1224,3.56383012042595,1.56279158246389,63.9880590106203,5.52296803472239,2.91162591538068,2.15796448094126,0,NaN,NaN,NaN,NaN,NaN,NaN,NaN,NaN
1445,1.64053188056096,0.862957052125441,115.880622046836,12.0683574378322,1.135316180319,5.5343043780228,0,1232.5,3.53273189187429,1.56831094702837,63.7628655143164,5.57173923871879,2.86631390821443,2.19207857491564,0,NaN,NaN,NaN,NaN,NaN,NaN,NaN,NaN
1453.5,1.63197005870555,0.86664112469107,115.388016043719,12.1326327683541,1.12278641809807,5.59606458174199,0,1241,3.50275979110447,1.57308230401972,63.5694647028122,5.61956780484282,2.82253004923809,2.2260826979949,0,NaN,NaN,NaN,NaN,NaN,NaN,NaN,NaN
1462,1.62367109063391,0.870218902135544,114.913615131316,12.1955967967009,1.11058214133646,5.65756018696507,0,1249.5,3.47384453448057,1.57725365082533,63.4013431813411,5.66649589312785,2.78018770266552,2.2599860078352,0,NaN,NaN,NaN,NaN,NaN,NaN,NaN,NaN
1470.5,1.61561981515181,0.873695320678972,114.45637584769,12.2573142842896,1.09868739554696,5.71881076696216,0,1258,3.44590535588912,1.58094135191594,63.2534533167915,5.71259170152171,2.73919344665272,2.29380853508452,0,NaN,NaN,NaN,NaN,NaN,NaN,NaN,NaN
1479,1.60780195982681,0.87707422776703,114.015435449053,12.3178480012154,1.08708719393294,5.77983563990655,0,1266.5,3.41889060637873,1.58423522969437,63.1219392964086,5.75788235280107,2.69947935758289,2.32755449288027,0,NaN,NaN,NaN,NaN,NaN,NaN,NaN,NaN
1487.5,1.60021743770823,0.880359660459647,113.589938852706,12.3771538164012,1.07577642871142,5.84060511039983,0,1275,3.39274141200099,1.58721217114325,63.0035491272545,5.80241236798696,2.66097365647137,2.36123544173358,0,NaN,NaN,NaN,NaN,NaN,NaN,NaN,NaN
1496,1.59284632285874,0.883555675614104,113.179059067779,12.4353451928454,1.06473684683071,5.90116264491278,0,1283.5,3.3674131232712,1.58992942289875,62.8958735902128,5.84620723360464,2.62361754832194,2.39485564929168,0,NaN,NaN,NaN,NaN,NaN,NaN,NaN,NaN
1504.5,1.58568261059381,0.886665917954059,112.782050121815,12.4924302785154,1.05395986081344,5.96150341278679,0,1292,3.342862865552,1.59243156910009,62.7970469440717,5.8892935451782,2.58735515909597,2.42842011275133,0,NaN,NaN,NaN,NaN,NaN,NaN,NaN,NaN
1513,1.57871434384784,0.889693270100017,112.398287545502,12.5484672423884,1.04343314200121,6.02164628883551,0,1300.5,3.31904764438264,1.59476125727762,62.7053106185358,5.93170217258758,2.55213198337766,2.46193588266701,0,NaN,NaN,NaN,NaN,NaN,NaN,NaN,NaN
1521.5,1.57194214466594,0.892643371847611,112.026821857219,12.6034153676455,1.03315290480837,6.08156380138618,0,1309,3.29593595365401,1.5969463678943,62.6195105924929,5.97344715164862,2.51790370790986,2.4954033339088,0,NaN,NaN,NaN,NaN,NaN,NaN,NaN,NaN
1530,1.5653489226719,0.895517285666827,111.667302910337,12.6573795424026,1.02310387102738,6.14129756040325,0,1317.5,3.27349655152055,1.59901311127285,62.5385741336403,6.01454492207773,2.48462736358296,2.52882399963546,0,NaN,NaN,NaN,NaN,NaN,NaN,NaN,NaN
1538.5,1.55892994781673,0.898318627356519,111.319076499916,12.7103671732035,1.01327913410252,6.20084347512465,0,1326,3.25168893330309,1.60098045520034,62.4617244234169,6.05503210533005,2.45225409751364,2.56220809807195,0,NaN,NaN,NaN,NaN,NaN,NaN,NaN,NaN
1547,1.5526751300944,0.901050626616524,110.981555359995,12.762431930199,1.00366847452773,6.26021985012142,0,1334.5,3.23050327406304,1.60286235261658,62.3883890196533,6.09489100561833,2.42075929116751,2.59554319593224,0,NaN,NaN,NaN,NaN,NaN,NaN,NaN,NaN
1555.5,1.54658561608751,0.903716281777966,110.654197579865,12.8135357092187,0.994269119953395,6.31940103648608,0,1343,3.20989109183296,1.60467282481196,62.3179993166009,6.13417883426839,2.39009016517718,2.62884865128668,0,NaN,NaN,NaN,NaN,NaN,NaN,NaN,NaN
1564,1.54065183367051,0.906318407194333,110.336498967915,12.8637312813812,0.98507150490442,6.37840529940944,0,1351.5,3.18984872236578,1.60642262762895,62.2501191654639,6.17287028169091,2.36022842942344,2.66210898438947,0,NaN,NaN,NaN,NaN,NaN,NaN,NaN,NaN
1572.5,1.53486472983499,0.908859078669658,110.028058636301,12.9130696823461,0.976066600848962,6.43725059510755,0,1360,3.17033081877543,1.60811887601005,62.1844575620632,6.21102219246907,2.33112560204075,2.69534395816298,0,NaN,NaN,NaN,NaN,NaN,NaN,NaN,NaN
1581,1.52921820628063,0.911341051921529,109.728404957896,12.9615789820132,0.967247442302742,6.49594409081207,0,1368.5,3.15133289929596,1.60976788701855,62.1207571640715,6.24861425997831,2.30276426693165,2.72854038835322,0,NaN,NaN,NaN,NaN,NaN,NaN,NaN,NaN
1589.5,1.52370884803235,0.913767318269457,109.437050330696,13.0092656415244,0.958608900932586,6.55448254347207,0,1377,3.13283363302069,1.61137180445657,62.0589237837165,6.28566039409979,2.27511520190319,2.76169984795651,0,NaN,NaN,NaN,NaN,NaN,NaN,NaN,NaN
1598,1.51834273847874,0.916138665254801,109.153781837368,13.0560539977496,0.950151901425998,6.61282190537083,0,1385.5,3.11480781174016,1.61294069108966,61.9985598679657,6.32218429799556,2.24814710338518,2.79482837120338,0,NaN,NaN,NaN,NaN,NaN,NaN,NaN,NaN
1606.5,1.51308864122173,0.91845931542043,108.877985470945,13.1021959167257,0.941854118407553,6.6710812050203,0,1394,3.0972449530959,1.61447092900362,61.9397960059372,6.35818156800806,2.22183999504727,2.82791979673852,0,NaN,NaN,NaN,NaN,NaN,NaN,NaN,NaN
1615,1.50797115562436,0.920732739850659,108.609149725924,13.1474556071826,0.933728269736446,6.72913684936741,0,1402.5,3.08010843079694,1.61596499834275,61.8825284598089,6.39370316659394,2.19615574388374,2.86099258883536,0,NaN,NaN,NaN,NaN,NaN,NaN,NaN,NaN
1623.5,1.50296923824421,0.92295718582542,108.347387653272,13.1919991997071,0.925758693097759,6.78706595360708,0,1411,3.0634058188411,1.61742690666524,61.8265960507463,6.42871018928329,2.1710884612623,2.89402547122675,0,NaN,NaN,NaN,NaN,NaN,NaN,NaN,NaN
1632,1.49808027920334,0.925136285966963,108.092182218838,13.2358322387387,0.917941347551064,6.84486576832194,0,1419.5,3.04710970691277,1.61885548551651,61.7720364137963,6.46323747121055,2.14660775407733,2.92703000594549,0,NaN,NaN,NaN,NaN,NaN,NaN,NaN,NaN
1640.5,1.49330172756268,0.927271627948422,107.843265108034,13.2789604562527,0.910272311833389,6.90253369843202,0,1428,3.0312025084127,1.6202515128834,61.7188129156813,6.49730111654729,2.12269083222178,2.96000963107901,0,NaN,NaN,NaN,NaN,NaN,NaN,NaN,NaN
1649,1.48863108999105,0.929365677968391,107.600272283136,13.3213897614639,0.902747780467586,6.96006730022106,0,1436.5,3.01567804220632,1.62161494173693,61.6669206888836,6.53089393297421,2.09932338475901,2.99295732748713,0,NaN,NaN,NaN,NaN,NaN,NaN,NaN,NaN
1657.5,1.48406592946419,0.931420266329627,107.362920493519,13.3631262307001,0.895364060008562,7.01746427829536,0,1445,3.00051587467048,1.62294579819726,61.6163522596246,6.56404053473323,2.07648157416642,3.02588059790605,0,NaN,NaN,NaN,NaN,NaN,NaN,NaN,NaN
1666,1.47959606220517,0.933435701115988,107.131107027986,13.4042480949,0.888112882476091,7.07475978691114,0,1453.5,2.98570854980815,1.62424332764252,61.567129935601,6.59673849036453,2.05415104905962,3.05877472353165,0,NaN,NaN,NaN,NaN,NaN,NaN,NaN,NaN
1674.5,1.47522713799337,0.935415216666632,106.90439733956,13.4446889794691,0.880995603459764,7.1319144868656,0,1462,2.97124342143055,1.62550725490578,61.5192578797789,6.62899760568727,2.03231424174456,3.09164064204265,0,NaN,NaN,NaN,NaN,NaN,NaN,NaN,NaN
1683,1.47094941080798,0.937359613160591,106.68264196152,13.4845251314227,0.87400440333213,7.18896298831565,0,1470.5,2.95710273564184,1.62673672003175,61.4727624750787,6.66084030420072,2.01095051726749,3.12448528853773,0,NaN,NaN,NaN,NaN,NaN,NaN,NaN,NaN
1691.5,1.46676828756902,0.939271185137945,106.465525167062,13.5236926847909,0.867140577930254,7.24586701060247,0,1479,2.94327702560577,1.62793093060481,61.4276675502738,6.69227157450695,1.99004531819187,3.15730765010338,0,NaN,NaN,NaN,NaN,NaN,NaN,NaN,NaN
1700,1.46267444119456,0.941150540866848,106.252927303102,13.5622659091583,0.860396730114446,7.30266060674571,0,1487.5,2.92976066086337,1.62908905082857,61.383998590586,6.72328833465919,1.96958699889974,3.19010295594433,0,NaN,NaN,NaN,NaN,NaN,NaN,NaN,NaN
NaN,NaN,NaN,NaN,NaN,NaN,NaN,NaN,1496,2.91654396916285,1.63024921705747,61.3403146915757,6.75389735522646,1.94956147671313,3.22287108266662,0,NaN,NaN,NaN,NaN,NaN,NaN,NaN,NaN
NaN,NaN,NaN,NaN,NaN,NaN,NaN,NaN,1504.5,2.90360351796273,1.63129456020534,61.3010074571771,6.7841385004101,1.92994584111846,3.25562778670425,0,NaN,NaN,NaN,NaN,NaN,NaN,NaN,NaN
NaN,NaN,NaN,NaN,NaN,NaN,NaN,NaN,1513,2.89094173078732,1.63234018893394,61.2617398492828,6.8139923339563,1.91073478571535,3.28836076788504,0,NaN,NaN,NaN,NaN,NaN,NaN,NaN,NaN
NaN,NaN,NaN,NaN,NaN,NaN,NaN,NaN,1521.5,2.87855306507118,1.63333632206673,61.2243777653006,6.84345822435862,1.89191788700045,3.3210666014376,0,NaN,NaN,NaN,NaN,NaN,NaN,NaN,NaN
NaN,NaN,NaN,NaN,NaN,NaN,NaN,NaN,1530,2.86642505515883,1.63401548677671,61.1989303707653,6.87255266149993,1.87348042820839,3.35375017137927,0,NaN,NaN,NaN,NaN,NaN,NaN,NaN,NaN
NaN,NaN,NaN,NaN,NaN,NaN,NaN,NaN,1538.5,2.85454051504547,1.63522666835301,61.1536014763748,6.90130460783256,1.85540494965582,3.38642262884183,0,NaN,NaN,NaN,NaN,NaN,NaN,NaN,NaN
NaN,NaN,NaN,NaN,NaN,NaN,NaN,NaN,1547,2.84289923661256,1.63610806919421,61.1206569314523,6.92970281250159,1.83768535010508,3.41907569041692,0,NaN,NaN,NaN,NaN,NaN,NaN,NaN,NaN
NaN,NaN,NaN,NaN,NaN,NaN,NaN,NaN,1555.5,2.83149214796061,1.63694414313486,61.0894393797049,6.95775791619058,1.82030996333051,3.45171175994863,0,NaN,NaN,NaN,NaN,NaN,NaN,NaN,NaN
NaN,NaN,NaN,NaN,NaN,NaN,NaN,NaN,1564,2.82031453784991,1.63773515876714,61.0599335702594,6.98547041781874,1.80327016486567,3.4843283217341,0,NaN,NaN,NaN,NaN,NaN,NaN,NaN,NaN
NaN,NaN,NaN,NaN,NaN,NaN,NaN,NaN,1572.5,2.8093539305605,1.63848242377328,61.032085879633,7.0128606608269,1.78655257905278,3.51693276808617,0,NaN,NaN,NaN,NaN,NaN,NaN,NaN,NaN
NaN,NaN,NaN,NaN,NaN,NaN,NaN,NaN,1581,2.79860611318604,1.63918280058351,61.0060085820827,7.03992906811109,1.7701493442037,3.54952271555714,0,NaN,NaN,NaN,NaN,NaN,NaN,NaN,NaN
NaN,NaN,NaN,NaN,NaN,NaN,NaN,NaN,1589.5,2.78806695460983,1.63983654116684,60.9816878021538,7.0666761746305,1.75405281825092,3.58209584215655,0,NaN,NaN,NaN,NaN,NaN,NaN,NaN,NaN
NaN,NaN,NaN,NaN,NaN,NaN,NaN,NaN,1598,2.77772499357104,1.64044213472794,60.9591755070253,7.09312164452226,1.73825093465021,3.61465953041121,0,NaN,NaN,NaN,NaN,NaN,NaN,NaN,NaN
NaN,NaN,NaN,NaN,NaN,NaN,NaN,NaN,1606.5,2.76757654031888,1.64100001912381,60.9384514531533,7.11926591968013,1.72273671977521,3.64721157624099,0,NaN,NaN,NaN,NaN,NaN,NaN,NaN,NaN
NaN,NaN,NaN,NaN,NaN,NaN,NaN,NaN,1615,2.75761886609514,1.64150783525748,60.9195995609211,7.14510721481083,1.70750394185457,3.67974863961674,0,NaN,NaN,NaN,NaN,NaN,NaN,NaN,NaN
NaN,NaN,NaN,NaN,NaN,NaN,NaN,NaN,1623.5,2.74783963261554,1.64196646093407,60.9025838098501,7.17066915744014,1.69254058060705,3.71228044938578,0,NaN,NaN,NaN,NaN,NaN,NaN,NaN,NaN
NaN,NaN,NaN,NaN,NaN,NaN,NaN,NaN,1632,2.73823564223589,1.64237611148331,60.8873931499682,7.19595214683867,1.67784046705631,3.74480496241883,0,NaN,NaN,NaN,NaN,NaN,NaN,NaN,NaN
NaN,NaN,NaN,NaN,NaN,NaN,NaN,NaN,1640.5,2.72880375461354,1.64273385604092,60.8741334649338,7.22095666359747,1.66339759500978,3.77732018251635,0,NaN,NaN,NaN,NaN,NaN,NaN,NaN,NaN
NaN,NaN,NaN,NaN,NaN,NaN,NaN,NaN,1649,2.71953259593553,1.64304106233614,60.862751572268,7.24570547257105,1.64920108910584,3.80983577362672,0,NaN,NaN,NaN,NaN,NaN,NaN,NaN,NaN
NaN,NaN,NaN,NaN,NaN,NaN,NaN,NaN,1657.5,2.71042757569673,1.64329351535161,60.8534014561625,7.27017690650886,1.63525042274312,3.84233828641339,0,NaN,NaN,NaN,NaN,NaN,NaN,NaN,NaN
NaN,NaN,NaN,NaN,NaN,NaN,NaN,NaN,1666,2.70147771425008,1.64349500756362,60.8459408393601,7.29439339866547,1.62153524264711,3.87483734052088,0,NaN,NaN,NaN,NaN,NaN,NaN,NaN,NaN
NaN,NaN,NaN,NaN,NaN,NaN,NaN,NaN,1674.5,2.69268036753218,1.64364495314585,60.8403900176893,7.31835539549684,1.60805038371584,3.90733112022308,0,NaN,NaN,NaN,NaN,NaN,NaN,NaN,NaN
NaN,NaN,NaN,NaN,NaN,NaN,NaN,NaN,1683,2.68403293653716,1.64373724948287,60.836973811636,7.34206340833194,1.59479081196504,3.93981784948816,0,NaN,NaN,NaN,NaN,NaN,NaN,NaN,NaN
NaN,NaN,NaN,NaN,NaN,NaN,NaN,NaN,1691.5,2.67551766598655,1.64377837812991,60.8354516219929,7.3655600899353,1.58174263434026,3.97231835999684,0,NaN,NaN,NaN,NaN,NaN,NaN,NaN,NaN
NaN,NaN,NaN,NaN,NaN,NaN,NaN,NaN,1700,2.66714750429444,1.64376433603061,60.8359713178115,7.38880380982154,1.56891029664379,4.00480850984314,0,NaN,NaN,NaN,NaN,NaN,NaN,NaN,NaN
