S0 f (kHz),S0 Phase velocity (m/ms),S0 Energy velocity (m/ms),S0 Propagation time (micsec),S0 Coincidence angle (deg),S0 Wavelength (mm),S0 Wavenumber (rad/mm),S0 Attenuation (Np/m),S1 f (kHz),S1 Phase velocity (m/ms),S1 Energy velocity (m/ms),S1 Propagation time (micsec),S1 Coincidence angle (deg),S1 Wavelength (mm),S1 Wavenumber (rad/mm),S1 Attenuation (Np/m),S2 f (kHz),S2 Phase velocity (m/ms),S2 Energy velocity (m/ms),S2 Propagation time (micsec),S2 Coincidence angle (deg),S2 Wavelength (mm),S2 Wavenumber (rad/mm),S2 Attenuation (Np/m)
0.001,6.56698457241058,6.56592055993317,15.2301568511541,2.99397671840277,6566984.57241058,9.56783929960289e-07,0,1066.86478515625,20.0142396064097,-0.127990671772495,-781.306939131871,0.981971580620258,18.7598652471019,0.334926995712309,0,1303.52408854167,20.0294825195348,2.36072716420313,42.3598294272838,0.9812242037711,15.3656404937963,0.408911383141909,0
8.5,6.56588975667954,6.56581791298936,15.2303949523435,2.99447639786719,772.457618432887,0.00813401946883056,0,1066.82848958334,19.9142396064097,-0.126246516150203,-792.10106583079,0.98690306925721,18.6667677146374,0.336597390787301,0,1304.4033203125,19.9294825195348,2.36975403045445,42.1984723793561,0.986148169377828,15.2786198940066,0.411240370581137,0
17,6.56578197956085,6.56549455274376,15.2311450716549,2.99452559691398,386.222469385932,0.0162683059770433,0,1066.79219401042,19.8142396064097,-0.124463462949861,-803.448639704681,0.991884342535395,18.5736638472404,0.338284646414181,0,1305.296875,19.8294825195348,2.37883398885003,42.0374017139136,0.991121805456466,15.1915498300222,0.413597386539356,0
25.5,6.56560230016708,6.56495539488292,15.2323959547304,2.99460762213951,257.474600006552,0.0244031267822911,0,1066.762734375,19.7142396064097,-0.122656232888254,-815.286737944295,0.996916158200746,18.4804352187648,0.339991197869611,0,1306.19759114583,19.7294825195348,2.38800652871755,41.8759324136788,0.996145867430915,15.1045160803179,0.415980576522206,0
34,6.56535063743591,6.56420010590113,15.2341486223281,2.99472251595078,193.09854815988,0.0325387496024947,0,1066.72643880209,19.6142396064097,-0.120798546890966,-827.824527477641,1.00199928945607,18.3873192722551,0.34171296066308,0,1307.11979166667,19.6294825195348,2.39724239900165,41.7145967556914,1.00122112612261,15.0173554441448,0.418394925161699,0
42.5,6.56502721150406,6.5632277182284,15.2364056670264,2.99487018540267,154.471228505978,0.0406754407791638,0,1066.69697916667,19.5142396064097,-0.118920405687364,-840.898577683087,1.00713452535722,18.2940797504223,0.34345457070802,0,1308.04915364583,19.5294825195348,2.40654825122749,41.5532910877619,1.00634836814487,14.9302359663638,0.420836303011882,0
51,6.56463429953215,6.56203912220292,15.2391654694112,2.9950496003159,128.71831959867,0.0488134503835189,0,1066.66068359375,19.4142396064097,-0.11697970809808,-854.84911550776,1.01232267122149,18.200951722529,0.345211909957561,0,1309,19.4294825195348,2.41592919380937,41.3919415586525,1.01152839630939,14.8429965771847,0.423309759219208,0
59.5,6.56416618175313,6.5606329089564,15.2424318488362,2.99526338444189,110.322120701733,0.0569530867174571,0,1066.63122395834,19.3142396064097,-0.115018996574097,-869.421599723124,1.01756454904873,18.1077013053614,0.346989670374076,0,1317.5,18.6003633619548,2.49666405219526,40.0534464827465,1.05662271055829,14.1179228553736,0.445050264939509,0
68,6.56362217769352,6.55900620528258,15.2462121349208,2.99551186334135,96.5238555543164,0.0650946366687961,0,1066.59492838542,19.2142396064097,-0.11299598412734,-884.98720350367,1.02286099795557,18.0145611938129,0.348783700006944,0,1326,17.8741038783284,2.5720242804671,38.8798817956102,1.09956050761634,13.4797163486639,0.466121477979198,0
76.5,6.56300911061853,6.55716080016537,15.2505029307011,2.99579193684996,85.7909687662552,0.0732383069865857,0,1066.56546875,19.1142396064097,-0.110949006609122,-901.314964921716,1.02821287462338,17.9212998793325,0.350598748387977,0,1334.5,17.2315193576009,2.64265176447921,37.8407784726442,1.14056978917927,12.9123412196335,0.486603103209963,0
85,6.56231821276253,6.55509372295665,15.2553120102294,2.9961076293688,77.2037436795592,0.081384464116902,0,1066.52917317709,19.0142396064097,-0.108845237465753,-918.735650068879,1.03362105376023,17.8281476818567,0.352430629322968,0,1343,16.658062953329,2.70906472683348,36.9131084279725,1.17983953964277,12.4036209630149,0.506560570168564,0
93.5,6.56156389264241,6.55280459758197,15.2606412278646,2.99645237749412,70.1771539320044,0.0895332021197019,0,1066.49971354167,18.9142396064097,-0.106708558350982,-937.13195591195,1.03908642857762,17.7348754680848,0.35428415150062,0,1351.5,16.1424870092979,2.77168653524832,36.079115992473,1.21752809674284,11.9441265329618,0.526048119955869,0
102,6.5607226489147,6.55029259600228,15.2664936007639,2.9968369460864,64.3208102834775,0.0976851081242301,0,1066.47025390625,18.8142396064097,-0.104528438389574,-956.677451042586,1.04460991128237,17.6415981013039,0.356157377075447,0,1360,15.675915531056,2.83087153720362,35.3248102874995,1.25377180191592,11.5264084787176,0.545112149962485,0
110.5,6.5598140399666,6.54753364092668,15.2729264917296,2.99725242116213,59.3648329408742,0.105840191842828,0,1066.43395833334,18.7142396064097,-0.102289873589292,-977.613878002369,1.0501924335843,17.5484280673667,0.358048326782266,0,1368.5,15.2512609266187,2.88691669405358,34.6390320877559,1.28868750843072,11.1445092631485,0.563792012624205,0
119,6.55883533325787,6.54459068910719,15.2797943752907,2.99770007844433,55.1162633046879,0.113998753370589,0,1066.40449869792,18.6142396064097,-0.100013104991358,-999.868967258245,1.05583494722029,17.4551397983951,0.359961901179232,0,1377,14.8627733816755,2.94007556239066,34.0127312641881,1.32237750777851,10.793589964906,0.582121919362194,0
127.5,6.55778112085578,6.5413939286464,15.2872615669995,2.99818242147184,51.4335774184767,0.12216115663233,0,1066.3750390625,18.5142396064097,-0.0976901508793745,-1023.64464687415,1.06153842449531,17.3618463750674,0.361896146956041,0,1385.5,14.5057362553238,2.99056653988298,33.4384801897479,1.35493185936474,10.4696761135502,0.600131774759269,0
136,6.55664557761408,6.53796823678545,15.2952716162426,2.99870215026669,48.2106292471623,0.130327801260744,0,1066.34557942709,18.4142396064097,-0.0953168491973739,-1049.1324549863,1.06730385884109,17.2685477969563,0.363851400885433,0,1394,14.1762578607536,3.03857676769909,32.9101443356731,1.38642867179683,10.1694819661073,0.617847135981961,0
144.5,6.55543573613293,6.53430912795466,15.3038367242508,2.99925608313957,45.3663372742764,0.138498844841554,0,1066.31611979167,18.3142396064097,-0.0928929777330906,-1076.50763750227,1.07313226539309,17.1752440636345,0.365828007095579,0,1402.5,13.871062014341,3.08427304866074,32.4225509292772,1.41693950246069,9.8902402954303,0.63529147113672,0
153,6.55415382401668,6.53041598031698,15.3129602006067,2.99984323741209,42.8376066929195,0.146674517841776,0,1066.28666015625,18.2142396064097,-0.0904178004583614,-1105.97691486702,1.07902468158655,17.0819351746748,0.367826317271994,0,1411,13.5873938136972,3.12780103291122,31.9713431090354,1.44652760674005,9.62961999553306,0.652485280841216,0
161.5,6.55278803679125,6.52628079208446,15.3226628129895,3.00046906211886,40.5745389275,0.154855371700134,0,1066.25720052084,18.1142396064097,-0.0878928549055664,-1137.74891152918,1.08498216777219,16.9886211296499,0.369846690866139,0,1419.5,13.3229021286307,3.16929178775693,31.5527905591726,1.47525094849692,9.38563024207869,0.669447351442646,0
170,6.55134889185353,6.52190252415917,15.3329491861568,3.00112878318099,38.5373464226678,0.163041462125264,0,1066.22774088542,18.0142396064097,-0.0853120700837958,-1172.16707907542,1.09100580785248,16.8953019281324,0.371889495310969,0,1428,13.0755976111757,3.2088588027513,31.1637270902226,1.50315936104229,9.15658096020706,0.686193387519341,0
178.5,6.549832449092,6.51728690720682,15.343808155725,3.00182425259733,36.6937392105994,0.171233170626683,0,1066.2051171875,17.9142396064097,-0.0826749312530517,-1209.55649414355,1.09709670993928,16.8018698443925,0.373957503859403,0,1436.5,12.8437360912882,3.24660869292065,30.8013713565339,1.53030153947401,8.94099275411637,0.702739111860576,0
187,6.54823455676808,6.51242048671855,15.3552738500133,3.00255742533774,35.0172970950165,0.179430904964786,0,1066.17565755209,17.8142396064097,-0.0799797677877673,-1250.31620828605,1.10325600703349,16.7085409240263,0.376046318810794,0,1445,12.6258224955768,3.28263576181871,30.4633249790089,1.55672000809191,8.73759342254451,0.719097925862272,0
195.5,6.54656020279975,6.50730004273292,15.3673565600645,3.00332606607453,33.486241446546,0.187634832568755,0,1066.14619791667,17.7142396064097,-0.0772284692222889,-1294.85927931793,1.10948485772791,16.615206845951,0.378158717218182,0,1453.5,12.420549948183,3.31702618832939,30.1474858268649,1.58245417437908,8.54527000218991,0.735282244512975,0
204,6.54479591771008,6.50193063231152,15.3800471975273,3.00413641734681,32.0823329299514,0.19584564878428,0,1066.12357421875,17.6142396064097,-0.0744260326281482,-1343.61588907508,1.11578444693392,16.5217616722501,0.380297539198426,0,1462,12.2267752051451,3.34985865899877,29.8520057648906,1.60754006201595,8.36304733594054,0.751303329371022,0
212.5,6.54296013083211,6.49629880267282,15.3933806060239,3.00498007458477,30.7904006156805,0.204063122971507,0,1066.10095052084,17.5142396064097,-0.0715564627715921,-1397.49780979531,1.12215598663313,16.4283125325545,0.382460784984994,0,1470.5,12.0434833473052,3.38120700778482,29.5752374136698,1.63201206155645,8.19006007977231,0.767172065403733,0
221,6.54103918782454,6.49040788913316,15.4073521584721,3.00586337402833,29.5974623883463,0.212287973365363,0,1066.07149088542,17.4142396064097,-0.0686242803300557,-1457.21018157188,1.12860071665493,16.3349641701293,0.384646408877299,0,1479,11.8697979256982,3.41113626829731,29.3157447063572,1.65589916405805,8.02555640682773,0.782897158611231,0
229.5,6.53903476633666,6.48424894876596,15.4219865384766,3.00678561309142,28.4925262149746,0.220520471220182,0,1066.0488671875,17.3142396064097,-0.0656349347937236,-1523.57887326739,1.13511990548094,16.2415065006249,0.386859760019049,0,1487.5,11.7049199525613,3.43971001964062,29.0722181314714,1.67923114361743,7.86885374962106,0.798488001823921,0
238,6.53694911097013,6.47781741616111,15.4372983330027,3.00774582930014,27.4661727351686,0.228760860414104,0,1066.02624348959,17.2142396064097,-0.062576773352374,-1598.03701346014,1.14171485107764,16.1480448643175,0.389098826512652,0,1496,11.5481409453538,3.46698706684375,28.8434880407665,1.70203525914394,7.71934555170711,0.813953108471751,0
246.5,6.53477281921315,6.47111063373898,15.4532978432823,3.00874842802024,26.5102345607024,0.237009796831202,0,1066.00361979167,17.1142396064097,-0.0594508320498914,-1682.06224458019,1.14838688175805,16.0545792609544,0.391364059129262,0,1504.5,11.3988362653693,3.49302107445863,28.6285132177448,1.72433561303771,7.57649469283434,0.829299770132759,0
255,6.5325147039868,6.4641223672128,15.4700041736861,3.00978942925145,25.6177047215168,0.245267301480847,0,1065.98099609375,17.0142396064097,-0.056256666977328,-1777.56709334204,1.15513735707393,15.9611096902831,0.393655919237538,0,1513,11.2564484449033,3.51786167348387,28.4263593289517,1.74615421396372,7.43982051877281,0.844534527590457,0
263.5,6.53016507334844,6.45684631884494,15.4874369098952,3.0108733848635,24.7824101455349,0.253534069942412,0,1065.96520833334,16.9142396064097,-0.0529978664133742,-1886.86841126806,1.16196766873958,15.86753439435,0.395977418483924,0,1521.5,11.1204514087846,3.54156015667272,28.2361432747622,1.76751546025065,7.30887374879039,0.85966532233772,0
272,6.52772710210502,6.44927795647404,15.505611740554,3.01199892069844,23.9989966989155,0.261810332573758,0,1065.94258463542,16.8142396064097,-0.0496622856681942,-2013.60043450525,1.16887924158865,15.7740574856202,0.398323976751537,0,1530,10.9904011699359,3.56415949221934,28.0571058108659,1.78843735841736,7.18326873852021,0.874697235464137,0
280.5,6.52520461135073,6.44141151342907,15.5245476541158,3.01316436309617,23.2627615377922,0.270096277992277,0,1065.926796875,16.7142396064097,-0.0462550728021073,-2161.92503745112,1.1758735345653,15.6804760471461,0.400701183324287,0,1538.5,10.8658811686265,3.58570301961986,27.8885338392027,1.8089391310833,7.0626461934524,0.889636141338153,0
289,6.52258728085616,6.43323394499695,15.5442815938271,3.01437457761852,22.569506162132,0.278392680018925,0,1065.91100911459,16.6142396064097,-0.0427733606855725,-2337.90374188975,1.18295204175118,15.5868918365057,0.403107006392634,0,1547,10.7465119152689,3.60623224029752,27.7297726093619,1.82903911243788,6.94667867826043,0.904487683710311,0
297.5,6.51987154486936,6.42475550972572,15.5647946211527,3.01563132193439,21.9155346046029,0.286700070089093,0,1065.89522135417,16.5142396064097,-0.0391841537219099,-2552.05205424878,1.19011629342972,15.4933048535757,0.405541965807863,0,1555.5,10.6319459183296,3.62578717194882,27.5802178279127,1.8487549815617,6.83506648558639,0.919257379636234,0
306,6.51706961609001,6.41594252197837,15.5861745421567,3.01692905246923,21.2976131244772,0.295018285403935,0,1065.87943359375,16.4142396064097,-0.0355734601748994,-2811.08442946913,1.19736785718939,15.3997150982329,0.40800659408956,0,1564,10.5218781560884,3.6444038169691,27.4393302779399,1.86810134577208,6.72754357806162,0.933949402820508,0
314.5,6.5141705501313,6.40681681736973,15.6083750871239,3.01827294942449,20.7127839431838,0.303348179772197,0,1065.86364583334,16.3142396064097,-0.031854016020929,-3139.32158300848,1.2047083390675,15.3061225703542,0.410501436813868,0,1572.5,10.4160297023711,3.66211685681529,27.3066108783223,1.88709196072337,6.62386626541883,0.948567657529888,0
323,6.51117097944453,6.39737889803372,15.6314017965601,3.01966469798722,20.1584240849676,0.311690302808196,0,1065.85469401042,16.2142396064097,-0.0280464172611501,-3565.51780103907,1.21213938473638,15.2124297031535,0.4130297020125,0,1581,10.3141235588509,3.6789632072387,27.1815711022173,1.9057437506591,6.52379731742626,0.963117798033984,0
331.5,6.50806741973493,6.38754449592957,15.6554682419394,3.02110604792535,19.6321792450526,0.320045229251,0,1065.8457421875,16.1142396064097,-0.0241486334640958,-4141.02107055788,1.21966268073375,15.1187352621378,0.415589346478914,0,1589.5,10.2159251000478,3.69497524969346,27.0637807406954,1.92406917301637,6.42713123626791,0.977603393520884,0
340,6.50486535837438,6.37738027912485,15.6804197998559,3.02259458738795,19.1319569363953,0.32841310107838,0,1065.83679036458,16.0142396064097,-0.0201747245401634,-4956.69716832675,1.2272799557392,15.0250392472676,0.418180958051222,0,1598,10.1212235296094,3.71018270460653,26.9528505633539,1.94207903735137,6.33368180826622,0.992027306925851,0
348.5,6.50157105012894,6.36686594045525,15.7063146821731,3.02412754191055,18.6558710190214,0.336793993739199,0,1065.82783854167,15.9142396064097,-0.0161046431666161,-6209.38936463328,1.23499298189881,14.9313416585032,0.420805139342678,0,1606.5,10.029805475226,3.72461832443696,26.84838855673,1.95978726166018,6.24326515731468,1.00639411411481,0
357,6.49816253490819,6.35595966770655,15.7332653490678,3.02571527919041,18.2021359521238,0.345189450496686,0,1065.81888671875,15.8142396064097,-0.0119382459693974,-8376.43991054809,1.24280357620011,14.8376424958049,0.423462508208837,0,1615,9.94149152770592,3.73830999754902,26.7500555239035,1.97720366054063,6.15572230817704,1.02070642446512,0
365.5,6.49464583927272,6.34468631692319,15.7612204930084,3.02735515769384,17.7692088625793,0.353599609063718,0,1065.81677083333,15.7142396064097,-0.00767784707800725,-13024.4844660223,1.25071360189949,14.7438471944133,0.426156431515406,0,1623.5,9.85610282891914,3.75128746705328,26.6575144875667,1.99434012661022,6.07089795436966,1.03496803181433,0
374,6.49102010546691,6.33301426521683,15.7902691849655,3.02904774504052,17.355668731195,0.362024961670664,0,1065.81465494792,15.6142396064097,-0.00332081149890093,-30113.1214563357,1.25872497000455,14.6500515206114,0.428884860803368,0,1632,9.77347911895738,3.76357846015457,26.5704570952117,2.01120691538354,5.98865142092977,1.0491820053544,0
382.5,6.48728195266859,6.3209311394907,15.8204539478747,3.03079479616001,16.9602142553427,0.370466151699722,0,1065.8125390625,15.5142396064097,0.00114605997078468,87255.4687792931,1.26683964081377,14.5562554743971,0.431648463317439,0,1640.5,9.69347859878981,3.77520796270633,26.488606982147,2.02781236158502,5.90885620163963,1.06335051874102,0
391,6.48342789523028,6.30843385467729,15.8517949626842,3.03259812831993,16.5816570210493,0.378923849359778,0,1065.81725911458,15.4142396064097,0.00570801952418065,17519.2112739583,1.27505962551617,14.4623662964652,0.434450710096818,0,1649,9.61596229783095,3.78620214545615,26.4116907017262,2.04416589638442,5.83139011390598,1.07747641376217,0
399.5,6.47945998502096,6.29548875800852,15.884390210814,3.03445697717304,16.2189236170738,0.387398415303297,0,1065.81514322917,15.3142396064097,0.0103873498515504,9627.09463233049,1.28338698785371,14.3685701068303,0.437286748818019,0,1657.5,9.54079593294946,3.79658734233374,26.3394440804648,2.06027760457506,5.75613630947177,1.09156298068212,0
408,6.47536904634569,6.28212133598966,15.9181898361481,3.03637584972475,15.8710025645728,0.395890888531825,0,1065.82669921875,15.2142396064097,0.0151712159294741,6591.42948494482,1.29182384584918,14.274590435351,0.440165715131084,0,1666,9.46786766269188,3.80638588089969,26.2716401145235,2.07615425515016,5.68299379513318,1.10561185418861,0
416.5,6.47115725718708,6.26828920302747,15.9533162496239,3.03835394600088,15.5369922141347,0.404401651270927,0,1065.83141927083,15.1142396064097,0.0200811653841794,4979.79066886144,1.30037237360286,14.1807037521466,0.443079935735098,0,1674.5,9.39706135834784,3.81562235688767,26.208044362537,2.09180488343984,5.61186106798916,1.1196259549296,0
425,6.46682104749914,6.25396139636367,15.9898652489515,3.04039317298044,15.2160495235274,0.412931444358432,0,1065.84297526042,15.0142396064097,0.0251035025651118,3983.50786869787,1.30903480316095,14.0867275526596,0.446035836477386,0,1683,9.32828339035972,3.82431639215889,26.148464129441,2.10723481287373,5.54265204418284,1.13360630562656,0
433.5,6.46235674177304,6.23916318000331,16.0277904447992,3.04249550391248,14.9073973281962,0.421481038497272,0,1065.85453125,14.9142396064097,0.0302523604386147,3305.52719028027,1.31781342645915,13.9927533909517,0.449031375857918,0,1691.5,9.26141946751113,3.83249454658517,26.0926659606344,2.12245518370885,5.47527015519428,1.14755713034887,0
442,6.4577540164114,6.22381458058054,16.0673167083124,3.04466606703105,14.6103032045507,0.430051671016831,0,1065.86950520833,14.8142396064097,0.0355209194704586,2815.24243997023,1.32671059734519,13.8987366971476,0.452068806258417,0,1700,9.19639099312608,3.84017430145099,26.0404846629528,2.13747018925838,5.4096417606624,1.16147900085906,0
450.5,6.45301532186793,6.20794830571548,16.1083815578704,3.04690399030834,14.324118361527,0.438643771895624,0,1065.88994791667,14.7142396064097,0.0409259479901157,2443.43759670886,1.33572873368365,13.8046518171687,0.45514985748248,0,NaN,NaN,NaN,NaN,NaN,NaN,NaN,NaN
459,6.44813664147491,6.19157150908713,16.1509884612063,3.04921146544308,14.0482279770695,0.447258210603887,0,1065.910390625,14.6142396064097,0.0464608720341992,2152.34875329915,1.34487031954747,13.7105705460293,0.45827307376346,0,NaN,NaN,NaN,NaN,NaN,NaN,NaN,NaN
467.5,6.44312098641266,6.17453886222213,16.1955414374073,3.05158737376441,13.7820769762838,0.45589538630438,0,1065.93630208333,14.5142396064097,0.0521381403413055,1917.98171828497,1.35413790749994,13.6164230245673,0.461441694036914,0,NaN,NaN,NaN,NaN,NaN,NaN,NaN,NaN
476,6.43794981665487,6.15694310996795,16.2418262137427,3.05404083066212,13.525104656838,0.464557241263413,0,1065.96768229167,14.4142396064097,0.0579622872037223,1725.25973049556,1.36353412097185,13.5222107066335,0.464656663284894,0,NaN,NaN,NaN,NaN,NaN,NaN,NaN,NaN
484.5,6.43262588529046,6.1387237538057,16.2900309592861,3.05657089220791,13.2768336125706,0.473244260682051,0,1065.9990625,14.3142396064097,0.0639352903821323,1564.08142361306,1.37306165673829,13.4280039354253,0.467916552407578,0,NaN,NaN,NaN,NaN,NaN,NaN,NaN,NaN
493,6.42713688085885,6.11985894457504,16.3402458954785,3.05918379527034,13.0367888049875,0.481958049728918,0,1066.03044270833,14.2142396064097,0.0700587017396357,1427.3744376771,1.38272328750009,13.3338027104529,0.471222309465698,0,NaN,NaN,NaN,NaN,NaN,NaN,NaN,NaN
501.5,6.4214937661954,6.10031019587676,16.3926090295524,3.06187472213446,12.8045738109579,0.490698511324332,0,1066.07276041667,14.1142396064097,0.0763447797276366,1309.84725290654,1.39252186457508,13.239471197907,0.474579778395748,0,NaN,NaN,NaN,NaN,NaN,NaN,NaN,NaN
510,6.41567568191225,6.08004986264879,16.4472335357518,3.06465404681669,12.5797562390436,0.499467969631919,0,1066.115078125,14.0142396064097,0.0827996400199334,1207.7347193288,1.40246032070463,13.1451471740338,0.477985162432494,0,NaN,NaN,NaN,NaN,NaN,NaN,NaN,NaN
518.5,6.40968572551039,6.05904581418261,16.5042488647184,3.06752075451161,12.3619782555649,0.508266976149318,0,1066.16286458333,13.9142396064097,0.089425153951059,1118.25359623902,1.41254167298129,13.0507636953267,0.481441964153371,0,NaN,NaN,NaN,NaN,NaN,NaN,NaN,NaN
527,6.40351004536267,6.03726372524402,16.5637952143557,3.07048197016201,12.1508729513523,0.517097440845212,0,1066.21611979167,13.8142396064097,0.096231116960577,1039.16491004637,1.42276902590373,12.9563222220922,0.484951300181926,0,NaN,NaN,NaN,NaN,NaN,NaN,NaN,NaN
535.5,6.39715192935121,6.01466807736797,16.6260213720322,3.07353664496822,11.9461287196101,0.525959953609529,0,1066.269375,13.7142396064097,0.10322187161473,968.786928929606,1.43314557456536,12.8618901826845,0.488511814199627,0,NaN,NaN,NaN,NaN,NaN,NaN,NaN,NaN
544,6.39059667448881,5.99121150411517,16.6911149658651,3.07669240568988,11.7474203575162,0.534856599658452,0,1066.33356770833,13.6142396064097,0.110401543478371,905.784437874196,1.44367460798363,12.7673366183793,0.492129681779877,0,NaN,NaN,NaN,NaN,NaN,NaN,NaN,NaN
552.5,6.38383816831598,5.96685797934613,16.7592391751476,3.07995280883206,11.5544582231963,0.543788829022349,0,1066.39776041667,13.5142396064097,0.117788229400445,848.981265012735,1.45435951257722,12.6727944375364,0.495801090923481,0,NaN,NaN,NaN,NaN,NaN,NaN,NaN,NaN
561,6.37687010885117,5.94155828288841,16.8306015423594,3.0833215498651,11.3669698910003,0.552758155201435,0,1066.472890625,13.4142396064097,0.125377861723551,797.588973247066,1.46520377579889,12.5781346383295,0.499532362138403,0,NaN,NaN,NaN,NaN,NaN,NaN,NaN,NaN
569.5,6.36967834337571,5.9152609515011,16.9054249372757,3.0868061829934,11.1846854141803,0.561766833353537,0,1066.54802083333,13.3142396064097,0.133190812927367,750.802535115791,1.47621098993218,12.4834881752504,0.503319682685849,0,NaN,NaN,NaN,NaN,NaN,NaN,NaN,NaN
578,6.36225568992172,5.88791623585795,16.9839372698597,3.09041096187817,11.0073627853317,0.570816591559287,0,1066.63408854167,13.2142396064097,0.141225867084946,708.085579958601,1.48738485606062,12.3887280074431,0.507169525669196,0,NaN,NaN,NaN,NaN,NaN,NaN,NaN,NaN
586.5,6.35459473594792,5.85948337351186,17.0663510117728,3.09414031444421,10.8347736333298,0.579909236668438,0,1066.72015625,13.1142396064097,0.149499018156041,668.900714087795,1.49872918821866,12.2939831309761,0.511078081061328,0,NaN,NaN,NaN,NaN,NaN,NaN,NaN,NaN
595,6.34668783093711,5.82984086941187,17.153126858862,3.09799885124551,10.6667022368691,0.589046658250379,0,1066.81661458333,13.0142396064097,0.15802935963724,632.793806350621,1.51024791773415,12.1991347233495,0.515051718803745,0,NaN,NaN,NaN,NaN,NaN,NaN,NaN,NaN
603.5,6.33851549637577,5.79898535038124,17.2443960379079,3.101997048133,10.5029254289574,0.598231925921931,0,1066.92182291667,12.9142396064097,0.166788659679376,599.561146376699,1.52194509777276,12.1042041966165,0.51909115255474,0,NaN,NaN,NaN,NaN,NaN,NaN,NaN,NaN
612,6.33006882197014,5.76681429140654,17.34059654895,3.10614032705715,10.3432497091015,0.607467235529536,0,1067.03665625,12.8142396064097,0.175832351483555,568.723554887752,1.53382490809528,12.0091840625645,0.523198351731968,0,NaN,NaN,NaN,NaN,NaN,NaN,NaN,NaN
620.5,6.32133859831384,5.73326228585979,17.4420766073505,3.11043434668278,10.1874916975243,0.616754888615662,0,1067.15848958333,12.7142396064097,0.185154651358862,540.089051320576,1.54589166003969,11.9141062274394,0.527373618065344,0,NaN,NaN,NaN,NaN,NaN,NaN,NaN,NaN
629,6.31230251843325,5.6982235218549,17.5493291227452,3.11489133141505,10.0354571040274,0.626098566517516,0,1067.28119791667,12.6142396064097,0.194765474010018,513.438023388358,1.55814980174037,11.8190404094372,0.531615519493664,0,NaN,NaN,NaN,NaN,NaN,NaN,NaN,NaN
637.5,6.30294986690645,5.66161751549236,17.6627968467247,3.11951794162948,9.88698018338267,0.635500950810028,0,1067.42140625,12.5142396064097,0.204693108579384,488.536232089211,1.57060392359772,11.7238042380787,0.535934000567147,0,NaN,NaN,NaN,NaN,NaN,NaN,NaN,NaN
646,6.29325585273237,5.62336987859932,17.782931259878,3.12432795379426,9.74188212497271,0.644966262840835,0,1067.57036458333,12.4142396064097,0.214936835641036,465.252964675675,1.58325876401247,11.6284977723739,0.540326483280301,0,NaN,NaN,NaN,NaN,NaN,NaN,NaN,NaN
654.5,6.28321511661579,5.58334299343673,17.9104167731681,3.12932567505829,9.6000230964336,0.654496894857866,0,1067.72807291667,12.3142396064097,0.225523961720722,443.411862921401,1.59611921539951,11.533123384844,0.544794770464043,0,NaN,NaN,NaN,NaN,NaN,NaN,NaN,NaN
663,6.27279319532681,5.54141571952002,18.045929968355,3.13453007662289,9.46122653895447,0.664098389496328,0,1067.89453125,12.2142396064097,0.236455203409592,422.913086952788,1.60919033049753,11.4376834499869,0.549340723989592,0,NaN,NaN,NaN,NaN,NaN,NaN,NaN,NaN
671.5,6.26197561760218,5.49748709498796,18.1901291030169,3.13995040747012,9.32535460551331,0.673774411051872,0,1068.06809895833,12.1142396064097,0.247762489439787,403.612347559587,1.62247732899132,11.3421977664387,0.55396541627685,0,NaN,NaN,NaN,NaN,NaN,NaN,NaN,NaN
680,6.25073943976296,5.4513861072909,18.343958404681,3.1456003788963,9.19226388200436,0.683529692775698,0,1068.25807291667,12.0142396064097,0.259460556629886,385.4150368707,1.63598560446522,11.2465703850074,0.558675675524655,0,NaN,NaN,NaN,NaN,NaN,NaN,NaN,NaN
688.5,6.23905200429324,5.40299563511226,18.5082511172383,3.15149888516307,9.06180392780427,0.693370255772245,0,1068.464453125,11.9142396064097,0.271572637800806,368.225609213798,1.64972073170702,11.1508057863445,0.563473656305099,0,NaN,NaN,NaN,NaN,NaN,NaN,NaN,NaN
697,6.22688662804198,5.35214237742328,18.6841068395015,3.15766215693757,8.93384021239882,0.703301733386665,0,1068.68177083333,11.8142396064097,0.284127221326451,351.955013437815,1.66368847438313,11.0549650315427,0.568358677684823,0,NaN,NaN,NaN,NaN,NaN,NaN,NaN,NaN
705.5,6.21421485612401,5.29862644021539,18.8728156491694,3.16410767897772,8.80824217735509,0.713330217388083,0,1068.91002604167,11.7142396064097,0.297127148669203,336.556253603509,1.6778947931073,10.9590511090903,0.57333296876112,0,NaN,NaN,NaN,NaN,NaN,NaN,NaN,NaN
714,6.20100068315159,5.24227585354052,19.0756844534349,3.17085719576516,8.68487490637478,0.723462960021182,0,1069.1546875,11.6142396064097,0.310616719823876,321.940171336242,1.69234585392659,10.8630114446462,0.578401793940502,0,NaN,NaN,NaN,NaN,NaN,NaN,NaN,NaN
722.5,6.18720501571625,5.18288474741715,19.2942743034821,3.17793453596606,8.56360555808478,0.733707929979063,0,1069.41575520833,11.5142396064097,0.324620186070168,308.052315570988,1.70704803724991,10.7668505446383,0.583567616280183,0,NaN,NaN,NaN,NaN,NaN,NaN,NaN,NaN
731,6.17277924312568,5.12021153208219,19.5304431024813,3.18536901472091,8.44429445024033,0.744074634559997,0,1069.69322916667,11.4142396064097,0.339165850267947,294.841004543937,1.72200794724653,10.6705729223899,0.588832985152622,0,NaN,NaN,NaN,NaN,NaN,NaN,NaN,NaN
739.5,6.15767793244291,5.05403678194243,19.7861638754372,3.19318901628452,8.32681261993632,0.754572679122883,0,1069.992578125,11.3142396064097,0.354286350786677,282.257557419174,1.73723242174333,10.5741290525923,0.594203577044414,0,NaN,NaN,NaN,NaN,NaN,NaN,NaN,NaN
748,6.14184759092904,4.98404400205509,20.0640283189247,3.20142788509377,8.2110261910816,0.76521316105459,0,1070.30286458333,11.2142396064097,0.370015790470952,270.258736452088,1.75272854265233,10.4776320586373,0.59967607871857,0,NaN,NaN,NaN,NaN,NaN,NaN,NaN,NaN
756.5,6.12522613027856,4.90997685274045,20.3666947929064,3.21012439353489,8.09679594220564,0.776008849923911,0,1070.64049479167,11.1142396064097,0.386385047995041,258.809186636237,1.7685036469616,10.3809258667844,0.605262515869008,0,NaN,NaN,NaN,NaN,NaN,NaN,NaN,NaN
765,6.10775482393547,4.83151643182531,20.6974355590095,3.2193166547756,7.98399323390258,0.786972774538333,0,1071,11.0142396064097,0.403468999287096,247.850516834487,1.78456533832572,10.28407059422,0.610962872105422,0,NaN,NaN,NaN,NaN,NaN,NaN,NaN,NaN
773.5,6.08935212454894,4.74826383454023,21.0603293086984,3.22905608578482,7.87246557795596,0.798121661499977,0,1079.5,9.61565511963028,0.749643194237517,133.396795660518,2.044231226283,8.90750821642453,0.7053808039822,0,NaN,NaN,NaN,NaN,NaN,NaN,NaN,NaN
782,6.06992566610066,4.66000068713174,21.4592243035806,3.23940150764381,7.76205328145865,0.809474642771177,0,1088,8.93421108720491,1.0496154137392,95.2729911270598,2.20022597380467,8.21159107279863,0.765160521447908,0,NaN,NaN,NaN,NaN,NaN,NaN,NaN,NaN
790.5,6.04939002651481,4.56619888901453,21.9000535085282,3.25040997573859,7.65261230425656,0.821051042097707,0,1096.5,8.50328525954929,1.32929492167328,75.2278507722897,2.31178716255913,7.75493411723601,0.810217754553796,0,NaN,NaN,NaN,NaN,NaN,NaN,NaN,NaN
799,6.02762579825913,4.46645876854449,22.3891017878102,3.26215905719321,7.54396220057464,0.832876032531153,0,1105,8.19869735933822,1.59346210194102,62.7564344819929,2.39772110066469,7.41963561931061,0.846832058817922,0,NaN,NaN,NaN,NaN,NaN,NaN,NaN,NaN
807.5,6.00451618570604,4.36038810981035,22.9337383465962,3.27472780831327,7.43593335691151,0.84497601116066,0,1113.5,7.96893513075849,1.84273783768131,54.2670791010775,2.46689491392251,7.15665480984149,0.877950030304557,0,NaN,NaN,NaN,NaN,NaN,NaN,NaN,NaN
816,5.9799100573394,4.24749174708132,23.5433064864023,3.2882174380712,7.32832114870025,0.857384001012834,0,1122,7.78789838001023,2.07670523680265,48.1531987437767,2.5242768290424,6.94108590018737,0.905216474415045,0,NaN,NaN,NaN,NaN,NaN,NaN,NaN,NaN
824.5,5.95364429162618,4.12730028939293,24.2289130880537,3.30274016084731,7.22091484733315,0.870137017264524,0,1130.5,7.6406165557939,2.29493636119198,43.5741930325512,2.57296764313665,6.75861703298885,0.929655471897774,0,NaN,NaN,NaN,NaN,NaN,NaN,NaN,NaN
833,5.92552515224362,3.99936848040112,25.003947620743,3.31843057547482,7.11347557292151,0.883279241317346,0,1139,7.5178071833189,2.49722587013083,40.0444353857191,2.6150280945195,6.60035749193934,0.951946211224605,0,NaN,NaN,NaN,NaN,NaN,NaN,NaN,NaN
841.5,5.89531810732047,3.86311086076232,25.885873743801,3.33545308030415,7.0057256177308,0.896864314993648,0,1147.5,7.41336684096784,2.68362158918626,37.263077776298,2.65189504967011,6.46045040607219,0.972561495290484,0,NaN,NaN,NaN,NaN,NaN,NaN,NaN,NaN
850,5.86277194596962,3.71809331357047,26.8955057246722,3.35399038968817,6.89737875996425,0.910952627924431,0,1156,7.32307194983673,2.85449454501137,35.0324719221356,2.68461723149035,6.33483732684838,0.991846354214988,0,NaN,NaN,NaN,NaN,NaN,NaN,NaN,NaN
858.5,5.82757366675792,3.56398368129193,28.0584898648443,3.37427172067769,6.78808813833188,0.925619287660521,0,1164.5,7.24392330081093,3.01037642628398,33.2184371120127,2.7139717699205,6.22062971301926,1.01005615139403,0,NaN,NaN,NaN,NaN,NaN,NaN,NaN,NaN
867,5.78934257455506,3.40034727006,29.4087609464182,3.39658045836807,6.67744241586512,0.940956868793236,0,1173,7.17371899295244,3.15195362797823,31.7263550809735,2.74055174060433,6.11570246628511,1.02738570782633,0,NaN,NaN,NaN,NaN,NaN,NaN,NaN,NaN
875.5,5.74765286858425,3.22701853006412,30.9883563011375,3.42124624292633,6.56499470997629,0.957073932996707,0,1181.5,7.11078972183503,3.28003340031262,30.4874944232181,2.7648239140748,6.01844242220485,1.04398860475893,0,NaN,NaN,NaN,NaN,NaN,NaN,NaN,NaN
884,5.70197773187143,3.04393363803562,32.8522273779051,3.44868481448342,6.4502010541532,0.974106892859397,0,1190,7.0538484536102,3.39548144089288,29.4509046038856,2.78716014370319,5.92760374252958,1.0599874047077,0,NaN,NaN,NaN,NaN,NaN,NaN,NaN,NaN
892.5,5.65166677063134,2.85125352953087,35.072293278828,3.47942252615244,6.33239974300431,0.992228153966576,0,1198.5,7.0019207303189,3.49910292273161,28.5787535286142,2.8078468140895,5.84223673785473,1.07547598447487,0,NaN,NaN,NaN,NaN,NaN,NaN,NaN,NaN
901,5.59595781836885,2.64950658145272,37.7428766171134,3.51410420189384,6.21082998709084,1.01164986326129,0,1207,6.95419482176807,3.5917935310945,27.8412439730431,2.82713237248184,5.76155329061149,1.09053669909087,0,NaN,NaN,NaN,NaN,NaN,NaN,NaN,NaN
909.5,5.53389919023705,2.4396118930217,40.9901264566063,3.55356263366532,6.08455106128318,1.03264566997561,0,1215.5,6.91003436607831,3.67436798134608,27.2155648284758,2.84521475010349,5.68493160516521,1.10523498672716,0,NaN,NaN,NaN,NaN,NaN,NaN,NaN,NaN
918,5.46432939222318,2.22304183489285,44.9834089626208,3.59886448114968,5.95242853183352,1.05556669409421,0,1224,6.86892536587206,3.74760020985503,26.6837427687806,2.86225686832884,5.61186712898044,1.11962474569869,0,NaN,NaN,NaN,NaN,NaN,NaN,NaN,NaN
926.5,5.38582749956086,2.00196880193134,49.9508283563301,3.65139085705939,5.81308958398366,1.08086848076299,0,1232.5,6.83044618468309,3.81220783405839,26.2315184147613,2.87839487538269,5.54194416607147,1.13375110230199,0,NaN,NaN,NaN,NaN,NaN,NaN,NaN,NaN
935,5.29664999221608,1.77932300261198,56.2011505798575,3.71295330069387,5.66486630183538,1.10914979672934,0,1241,6.79422653497177,3.86892301791105,25.8469862380443,2.89375246649097,5.47479978643978,1.14765572299868,0,NaN,NaN,NaN,NaN,NaN,NaN,NaN,NaN
943.5,5.1946888163301,1.55895972652489,64.1453389068054,3.78593624572981,5.50576451121368,1.14120124360251,0,1249.5,6.75998019317085,3.91832512015514,25.5211083648007,2.90842490994975,5.41014821382221,1.16137027283779,0,NaN,NaN,NaN,NaN,NaN,NaN,NaN,NaN
952,5.07748016348601,1.34570481012242,74.3105020118809,3.8734627471381,5.33348756668698,1.17806317697719,0,1258,6.7274470197478,3.96104195659918,25.2458825469894,2.92250190500673,5.34773213016518,1.17492521207967,0,NaN,NaN,NaN,NaN,NaN,NaN,NaN,NaN
960.5,4.94233141364495,1.1453009748577,87.3132933571675,3.97955150461592,5.14558189864128,1.2210835297051,0,1266.5,6.69642202530197,3.99757668464999,25.0151549022144,2.93605389882685,5.28734467058979,1.18834418760877,0,NaN,NaN,NaN,NaN,NaN,NaN,NaN,NaN
969,4.78671103229822,0.964133507372034,103.720075316719,4.10914914485028,4.93984626656163,1.27193944267277,0,1275,6.6667051076124,4.02845568077672,24.8234082547283,2.94915293873226,5.228788319696,1.20165226110069,0,NaN,NaN,NaN,NaN,NaN,NaN,NaN,NaN
977.5,4.6091958388132,0.808639959956565,123.66443034224,4.26769375780338,4.71528986067847,1.33251305706062,0,1283.5,6.63815426095814,4.05407943615829,24.6665122316305,2.96184859650886,5.17191605840136,1.21486606438112,0,NaN,NaN,NaN,NaN,NaN,NaN,NaN,NaN
986,4.41095802935242,0.684117029614887,146.173820663832,4.4598728719563,4.47358826506331,1.40450683766506,0,1292,6.6106213882887,4.07487890886989,24.5406065398232,2.97419560119902,5.11658002189528,1.22800489395105,0,NaN,NaN,NaN,NaN,NaN,NaN,NaN,NaN
994.5,4.19751109554639,0.593190314422551,168.579960880424,4.68715602562098,4.22072508350567,1.48865068983855,0,1300.5,6.58399043694081,4.09121059246072,24.4426430123837,2.98623652253767,5.06266085116556,1.24108359060493,0,NaN,NaN,NaN,NaN,NaN,NaN,NaN,NaN
1003,3.97882374243891,0.53447158108917,187.100686992965,4.9454001340092,3.96692297351836,1.58389395234637,0,1309,6.5581501257586,4.10341632343263,24.3699376611991,2.99801356976459,5.01004593258869,1.25411730585333,0,NaN,NaN,NaN,NaN,NaN,NaN,NaN,NaN
1011.5,3.76662376708089,0.502798552077476,198.886809810445,5.22476272310315,3.72380006631823,1.68730468749141,0,1317.5,6.53300611394841,4.11180008374388,24.3202485440265,3.00956282571068,4.95863841665913,1.26711907165291,0,NaN,NaN,NaN,NaN,NaN,NaN,NaN,NaN
1020,3.57022229967453,0.491184780158545,203.589370109803,5.51304897207663,3.50021794085739,1.79508402429379,0,1326,6.50848006656497,4.11662683846454,24.2917329949923,3.02091432784055,4.90835600796755,1.28009975172549,0,NaN,NaN,NaN,NaN,NaN,NaN,NaN,NaN
1028.5,3.39436783733177,0.493064976477897,202.813026214777,5.79962258133365,3.30030902997742,1.90381726381016,0,1334.5,6.48450057126743,4.1181410612097,24.2828010293133,3.0320960024166,4.85912369521726,1.2930696358613,0,NaN,NaN,NaN,NaN,NaN,NaN,NaN,NaN
1037,3.23978340181877,0.503429454525689,198.637563021051,6.07736676080782,3.12418842991202,2.01114159665348,0,1343,6.46099222553672,4.11658394020488,24.2919861352379,3.0431386624472,4.81086539503851,1.30604055429601,0,NaN,NaN,NaN,NaN,NaN,NaN,NaN,NaN
1045.5,3.10489863847098,0.518887291713775,192.720079286816,6.34244401064776,2.96977392488855,2.11571165553128,0,1351.5,6.43790490741422,4.11214434857179,24.3182124758659,3.05406215509936,4.76352564366572,1.31901993968157,0,NaN,NaN,NaN,NaN,NaN,NaN,NaN,NaN
1054,2.98726146891823,0.537276210109912,186.124004968585,6.59329397346703,2.83421391737972,2.21690581245487,0,1360,6.41517551269777,4.10502361705573,24.3603957805542,3.06489321553056,4.71704081816013,1.33201843049353,0,NaN,NaN,NaN,NaN,NaN,NaN,NaN,NaN
1062.5,2.88433552332818,0.557249582428595,179.452803830165,6.82967317842492,2.71466872783829,2.31453114066811,0,1368.5,6.39275593372084,4.09539028777444,24.4176972091085,3.0756522023543,4.67135983465169,1.34504416906005,0,NaN,NaN,NaN,NaN,NaN,NaN,NaN,NaN
1071,2.79379926318469,0.577978291288672,173.016878846847,7.05210304871592,2.60858941473828,2.40865245855872,0,1377,6.37060634275122,4.08339168581502,24.4894459542988,3.08635609580639,4.6264388836247,1.35810403319472,0,NaN,NaN,NaN,NaN,NaN,NaN,NaN,NaN
1079.5,2.71369933226481,0.598944934375248,166.960256712595,7.2613643972593,2.5138483856089,2.4994289007838,0,1385.5,6.34869459134379,4.06916183325375,24.5750855084667,3.09701864906936,4.58224077325427,1.37120365735765,0,NaN,NaN,NaN,NaN,NaN,NaN,NaN,NaN
1088,2.64239466312558,0.619831378976294,161.33420054525,7.45841077667515,2.42867156537277,2.58708727716141,0,1394,6.32696424314083,4.05283911617608,24.6740611046884,3.10766597543172,4.5387117956534,1.38435432564738,0,NaN,NaN,NaN,NaN,NaN,NaN,NaN,NaN
1096.5,2.57855067223872,0.640438763781625,156.142953323946,7.64416829862705,2.35161940012651,2.67185468313519,0,1402.5,6.30538019800829,4.03456502403935,24.785819389244,3.11831437306416,4.49581475793817,1.39756321055833,0,NaN,NaN,NaN,NaN,NaN,NaN,NaN,NaN
1105,2.52106334836298,0.660646530595122,151.366873765186,7.81955473929008,2.28150529263618,2.75396481764004,0,1411,6.28393344063982,4.01441191806228,24.9102488835448,3.12896760200327,4.4535318502054,1.41083201344789,0,NaN,NaN,NaN,NaN,NaN,NaN,NaN,NaN
1113.5,2.46903612528981,0.680382022908044,146.976252506771,7.98539131432368,2.21736517762893,2.83362676142426,0,1419.5,6.26256692111754,3.99251343301043,25.046878783974,3.13965364027835,4.41181185002997,1.4241734509002,0,NaN,NaN,NaN,NaN,NaN,NaN,NaN,NaN
1122,2.42172977122247,0.699603353269055,142.938137063991,8.14242716907172,2.15840443067956,2.91103243575225,0,1428,6.24127720122552,3.96891780314696,25.195785087993,3.15037415021178,4.37064229777697,1.43758854628195,0,NaN,NaN,NaN,NaN,NaN,NaN,NaN,NaN
1130.5,2.37851198827424,0.718295371502996,139.218494184022,8.2914078006469,2.10394691576669,2.98638015060849,0,1436.5,6.2200187983037,3.94375077210764,25.3565718978123,3.161152227595,4.32998176004434,1.45108816973752,0,NaN,NaN,NaN,NaN,NaN,NaN,NaN,NaN
1139,2.33888721364902,0.736446317109387,135.787222607764,8.43289296773943,2.05345672840125,3.05980896518402,0,1445,6.1987840193063,3.91707335484766,25.5292640553291,3.17199224303099,4.28981593031578,1.46467480405787,0,NaN,NaN,NaN,NaN,NaN,NaN,NaN,NaN
1147.5,2.30241377533222,0.754061775329535,132.615129518134,8.56747833879203,2.00646080638973,3.13147672118503,0,1453.5,6.17752682008905,3.88898124121713,25.7136750725759,3.1829184601721,4.25010445138565,1.47836020950758,0,NaN,NaN,NaN,NaN,NaN,NaN,NaN,NaN
1156,2.26872458389232,0.771150837864192,129.676316344237,8.69567869943625,1.96256451893799,3.2015178337065,0,1462,6.15625464649352,3.85950622342707,25.9100502009826,3.19392802632301,4.21084449144563,1.49214375404837,0,NaN,NaN,NaN,NaN,NaN,NaN,NaN,NaN
1164.5,2.23751305709132,0.787724521246432,126.947933322893,8.81793651004497,1.92143671712436,3.27004540466108,0,1470.5,6.13492579139322,3.8287440109828,26.1182256408756,3.20504370248077,4.17199985813888,1.50603679789733,0,NaN,NaN,NaN,NaN,NaN,NaN,NaN,NaN
1173,2.20851859711352,0.803795276627858,124.409788048926,8.93464375192283,1.8827950529527,3.33715838977054,0,1479,6.11352339550432,3.79675276373881,26.3382964924811,3.21627578989819,4.13355199155126,1.52004506536317,0,NaN,NaN,NaN,NaN,NaN,NaN,NaN,NaN
1181.5,2.18149730515486,0.819384289756291,122.042857362744,9.04623645351506,1.84637943728723,3.40297621403924,0,1487.5,6.09203436427742,3.76358693440791,26.5703972680339,3.22763287026302,4.09548528690919,1.53417357578189,0,NaN,NaN,NaN,NaN,NaN,NaN,NaN,NaN
1190,2.15626661785512,0.834502525770097,119.83187217764,9.15299166666948,1.8119887545001,3.46756308038623,0,1496,6.0704400939341,3.72929583147605,26.8147136936627,3.23912669791841,4.05778081145328,1.54842895640026,0,NaN,NaN,NaN,NaN,NaN,NaN,NaN,NaN
1198.5,2.13265035524886,0.84916821147282,117.762298033457,9.25523471853089,1.7794329205247,3.53100430744355,0,1504.5,6.04872370297683,3.69393536576949,27.0713994962304,3.25076842350544,4.02042120503611,1.56281767176759,0,NaN,NaN,NaN,NaN,NaN,NaN,NaN,NaN
1207,2.11049402291722,0.863399410190668,115.821251230548,9.35326550926495,1.7485451722595,3.59337888826763,0,1513,6.02686551459124,3.65756186783199,27.340617496998,3.26257102095319,3.98338765009335,1.57734718764626,0,NaN,NaN,NaN,NaN,NaN,NaN,NaN,NaN
1215.5,2.08966528931361,0.877212665147843,113.997442094781,9.44734399901603,1.71918164484872,3.6547536009393,0,1521.5,6.00484724303059,3.62023173992423,27.6225410923813,3.27454707023293,3.9466626638387,1.59202491886354,0,NaN,NaN,NaN,NaN,NaN,NaN,NaN,NaN
1224,2.07005272192462,0.890622080469261,112.281069819548,9.53768417374205,1.69121954405606,3.71518016644403,0,1530,5.98266357042994,3.58196824516497,27.9176120935697,3.28670237772306,3.91023762773199,1.60685510840014,0,NaN,NaN,NaN,NaN,NaN,NaN,NaN,NaN
1232.5,2.05155470303303,0.903642490437641,110.663233588727,9.62449584478193,1.66454742639597,3.77471089591228,0,1538.5,5.96029517201329,3.54284078437864,28.225936779583,3.29905067059372,3.8740950094334,1.6218459516042,0,NaN,NaN,NaN,NaN,NaN,NaN,NaN,NaN
1241,2.03407176029032,0.916291964260235,109.135520009427,9.7080161410551,1.63905863037093,3.83341095355306,0,1547,5.93771897021839,3.50288893853986,28.5478648494302,3.31160817368529,3.8382152360817,1.63700702558668,0,NaN,NaN,NaN,NaN,NaN,NaN,NaN,NaN
1249.5,2.0175347921362,0.928579160501093,107.691410978938,9.78836906573358,1.61467370319024,3.89130342233567,0,1555.5,5.91492833379718,3.46216700610497,28.8836442100182,3.32438234406578,3.80258973564589,1.65234372992709,0,NaN,NaN,NaN,NaN,NaN,NaN,NaN,NaN
1258,2.00185847552243,0.940524035541359,106.323704893348,9.86578419966113,1.59130244477141,3.9484545051913,0,1564,5.89191091306099,3.42067983786343,29.2339548685913,3.33738410120466,3.76720646615153,1.66786327312671,0,NaN,NaN,NaN,NaN,NaN,NaN,NaN,NaN
1266.5,1.98698312479474,0.952136540916237,105.02695328106,9.94039060266827,1.56887731922206,4.00489268994925,0,1572.5,5.86865674675322,3.37853611575236,29.5986180327485,3.35062333176011,3.73205516486691,1.68357246332495,0,NaN,NaN,NaN,NaN,NaN,NaN,NaN,NaN
1275,1.97284375215375,0.963431876255527,103.795610737585,10.0123648379039,1.54732843306176,4.06066687131626,0,1581,5.84514573147705,3.33573280062908,29.9784203282533,3.36411607060471,3.69711937474829,1.69948131783204,0,NaN,NaN,NaN,NaN,NaN,NaN,NaN,NaN
1283.5,1.95939726920918,0.974417701603103,102.625393438031,10.0817908002621,1.52660480655175,4.11579033435106,0,1589.5,5.82136669277031,3.29232979790535,30.3736278375338,3.37787367597334,3.66238860822291,1.71559765478529,0,NaN,NaN,NaN,NaN,NaN,NaN,NaN,NaN
1292,1.94659264672045,0.985106743500937,101.511841899096,10.1488085018275,1.50665065535638,4.17030005253166,0,1598,5.79731564758724,3.24834365547971,30.7849201334678,3.39190365819077,3.62785710111842,1.73192745250152,0,NaN,NaN,NaN,NaN,NaN,NaN,NaN,NaN
1300.5,1.93438133532374,0.995511993185908,100.450823982515,10.2135607498721,1.4874135604181,4.22423559552154,0,1606.5,5.77296366076234,3.20388350241171,31.2121211413353,3.40622850772478,3.59350367927939,1.74848445081864,0,NaN,NaN,NaN,NaN,NaN,NaN,NaN,NaN
1309,1.92273013138033,1.00564096699924,99.4390675017869,10.2761222312857,1.46885418745632,4.27760996349164,0,1615,5.74831620525534,3.15893276045643,31.656261016949,3.42085097261724,3.55932891966275,1.7652724569706,0,NaN,NaN,NaN,NaN,NaN,NaN,NaN,NaN
1317.5,1.91159592116657,1.01550666551973,98.4730119411086,10.3366320975075,1.4509266953826,4.33046364587203,0,1623.5,5.72336065558869,3.11356608664183,32.1175132363598,3.43578476269371,3.52532223935244,1.78230098713862,0,NaN,NaN,NaN,NaN,NaN,NaN,NaN,NaN
1326,1.90094625025228,1.02511820557902,97.5497259299157,10.3951830217256,1.43359445720383,4.38281919660507,0,1632,5.69808325882048,3.06782329490943,32.5964015482685,3.45104474314513,3.49147258506157,1.79958030719258,0,NaN,NaN,NaN,NaN,NaN,NaN,NaN,NaN
1334.5,1.89076003242405,1.03448072116401,96.6668570560496,10.4518135069907,1.41683029780745,4.4346774041343,0,1640.5,5.67246830628978,3.02174695684568,33.093439466681,3.46664749770536,3.45776794043875,1.81712174310411,0,NaN,NaN,NaN,NaN,NaN,NaN,NaN,NaN
1343,1.88099969101258,1.04360684402299,95.8215256758102,10.5066615806846,1.40059545123796,4.48608147457997,0,1649,5.64650551589948,2.97535663861739,33.6094163308331,3.48260685394862,3.42419982771345,1.83493534937044,0,NaN,NaN,NaN,NaN,NaN,NaN,NaN,NaN
1351.5,1.87164742051584,1.05250202545777,95.0116936416404,10.5597624552273,1.38486675583858,4.53703237563452,0,1657.5,5.62019935934528,2.92875142221742,34.1442429157364,3.49892794565303,3.39076884425054,1.85302673104169,0,NaN,NaN,NaN,NaN,NaN,NaN,NaN,NaN
1360,1.86267017697932,1.06117707290898,94.2349797719174,10.6112443199933,1.3696104242495,4.58757117785705,0,1666,5.59352468911036,2.88195081297588,34.6987185033671,3.51563472416481,3.35745779658485,1.87141155238667,0,NaN,NaN,NaN,NaN,NaN,NaN,NaN,NaN
1368.5,1.85405292178531,1.06963790400256,93.4895814983763,10.6611389846423,1.35480666553548,4.63769884442972,0,1674.5,5.56648877467031,2.83499838229477,35.2733887343723,3.5327314510427,3.32426919956423,1.89009521491317,0,NaN,NaN,NaN,NaN,NaN,NaN,NaN,NaN
1377,1.84576649261162,1.07789501426993,92.773413622041,10.7095653555353,1.34042592056036,4.68745434626698,0,1683,5.53907288462711,2.78794932347597,35.8686577112247,3.55023922120193,3.2911900681088,1.90909220590534,0,NaN,NaN,NaN,NaN,NaN,NaN,NaN,NaN
1385.5,1.83780526936802,1.08594919417981,92.0853392920718,10.7565099177612,1.32645634743271,4.73682026501691,0,1691.5,5.51127296786542,2.74084914061426,36.4850434553975,3.56817043677685,3.25821635699995,1.92841254807428,0,NaN,NaN,NaN,NaN,NaN,NaN,NaN,NaN
1394,1.83014968634783,1.09380980851297,91.4235721984885,10.8020444089927,1.3128763890587,4.78581636439091,0,1700,5.48307937968085,2.69375562042241,37.1228923818705,3.58654164477258,3.22534081157697,1.94806864583949,0,NaN,NaN,NaN,NaN,NaN,NaN,NaN,NaN
1402.5,1.82277492641084,1.10147546879245,90.7873146822147,10.8462769064096,1.29966126660309,4.83447915902107,0,NaN,NaN,NaN,NaN,NaN,NaN,NaN,NaN,NaN,NaN,NaN,NaN,NaN,NaN,NaN,NaN
1411,1.81567699004326,1.10897728360711,90.173172596228,10.8891946595544,1.28680155212137,4.88279276382699,0,NaN,NaN,NaN,NaN,NaN,NaN,NaN,NaN,NaN,NaN,NaN,NaN,NaN,NaN,NaN,NaN
1419.5,1.80882729083014,1.11629768609047,89.581839366005,10.9309367354011,1.27427072267005,4.93080881118737,0,NaN,NaN,NaN,NaN,NaN,NaN,NaN,NaN,NaN,NaN,NaN,NaN,NaN,NaN,NaN,NaN
1428,1.80222885316652,1.12344574640859,89.0118640082783,10.9714532910435,1.26206502322585,4.9784957126216,0,NaN,NaN,NaN,NaN,NaN,NaN,NaN,NaN,NaN,NaN,NaN,NaN,NaN,NaN,NaN,NaN
1436.5,1.79586118361699,1.13043018527341,88.4618982248904,11.0108404777403,1.25016441602297,5.02588717663851,0,NaN,NaN,NaN,NaN,NaN,NaN,NaN,NaN,NaN,NaN,NaN,NaN,NaN,NaN,NaN,NaN
1445,1.78971077037106,1.13725716705255,87.9308593492284,11.0491549744887,1.23855416634676,5.07300001719949,0,NaN,NaN,NaN,NaN,NaN,NaN,NaN,NaN,NaN,NaN,NaN,NaN,NaN,NaN,NaN,NaN
1453.5,1.78377545641651,1.14392768113467,87.4181136178199,11.0863848008103,1.22722769619299,5.1198203289176,0,NaN,NaN,NaN,NaN,NaN,NaN,NaN,NaN,NaN,NaN,NaN,NaN,NaN,NaN,NaN,NaN
1462,1.77803757569592,1.15044992284615,86.9225144129744,11.1226170504015,1.21616797243223,5.16637952125458,0,NaN,NaN,NaN,NaN,NaN,NaN,NaN,NaN,NaN,NaN,NaN,NaN,NaN,NaN,NaN,NaN
1470.5,1.77248810927146,1.15682831043082,86.4432509978587,11.1578870244985,1.20536423615876,5.21268602360625,0,NaN,NaN,NaN,NaN,NaN,NaN,NaN,NaN,NaN,NaN,NaN,NaN,NaN,NaN,NaN,NaN
1479,1.76713035415047,1.16306196755896,85.9799415588152,11.1921528421363,1.19481430300911,5.25871283207403,0,NaN,NaN,NaN,NaN,NaN,NaN,NaN,NaN,NaN,NaN,NaN,NaN,NaN,NaN,NaN,NaN
1487.5,1.76193937485418,1.16916239237436,85.5313176785627,11.2255547018068,1.1844970587255,5.30451744130139,0,NaN,NaN,NaN,NaN,NaN,NaN,NaN,NaN,NaN,NaN,NaN,NaN,NaN,NaN,NaN,NaN
1496,1.75691885129893,1.17512820040334,85.0970983129131,11.2580512183884,1.17441099685758,5.35007363179652,0,NaN,NaN,NaN,NaN,NaN,NaN,NaN,NaN,NaN,NaN,NaN,NaN,NaN,NaN,NaN,NaN
1504.5,1.75205460624791,1.18096669060579,84.6763933271509,11.2897173472098,1.16454277583776,5.39540962989489,0,NaN,NaN,NaN,NaN,NaN,NaN,NaN,NaN,NaN,NaN,NaN,NaN,NaN,NaN,NaN,NaN
1513,1.74734177507482,1.18668138447804,84.2686177671735,11.3205692925552,1.15488550897212,5.44052657892623,0,NaN,NaN,NaN,NaN,NaN,NaN,NaN,NaN,NaN,NaN,NaN,NaN,NaN,NaN,NaN,NaN
1521.5,1.74276759042428,1.19227669307987,83.8731483894749,11.3506763821963,1.14542726942115,5.48545112807977,0,NaN,NaN,NaN,NaN,NaN,NaN,NaN,NaN,NaN,NaN,NaN,NaN,NaN,NaN,NaN,NaN
1530,1.73834360788202,1.19775001418851,83.4898758634129,11.3799486181441,1.13617229273334,5.53013424756542,0,NaN,NaN,NaN,NaN,NaN,NaN,NaN,NaN,NaN,NaN,NaN,NaN,NaN,NaN,NaN,NaN
1538.5,1.73404977424022,1.20311009128271,83.1179130858958,11.4085054308963,1.12710417565175,5.57462694479532,0,NaN,NaN,NaN,NaN,NaN,NaN,NaN,NaN,NaN,NaN,NaN,NaN,NaN,NaN,NaN,NaN
1547,1.72988226065552,1.20835985046498,82.7568045740012,11.4363604695022,1.1182173630611,5.61893019616461,0,NaN,NaN,NaN,NaN,NaN,NaN,NaN,NaN,NaN,NaN,NaN,NaN,NaN,NaN,NaN,NaN
1555.5,1.72584447314066,1.21349799325514,82.4063991500769,11.4634793808617,1.10951107241444,5.66302172497168,0,NaN,NaN,NaN,NaN,NaN,NaN,NaN,NaN,NaN,NaN,NaN,NaN,NaN,NaN,NaN,NaN
1564,1.7219185725601,1.21853377262693,82.065841953989,11.4899712880586,1.10097095432232,5.7069492001695,0,NaN,NaN,NaN,NaN,NaN,NaN,NaN,NaN,NaN,NaN,NaN,NaN,NaN,NaN,NaN,NaN
1572.5,1.71810816783403,1.22346729769097,81.7349186110069,11.5158020071199,1.09259660911544,5.75069083572063,0,NaN,NaN,NaN,NaN,NaN,NaN,NaN,NaN,NaN,NaN,NaN,NaN,NaN,NaN,NaN,NaN
1581,1.71440986119621,1.22829888730309,81.4134092554336,11.5409849018463,1.08438321391285,5.79424803571755,0,NaN,NaN,NaN,NaN,NaN,NaN,NaN,NaN,NaN,NaN,NaN,NaN,NaN,NaN,NaN,NaN
1589.5,1.7108077141426,1.23303580808136,81.1006455324304,11.5656198712474,1.07631815925926,5.83766542738976,0,NaN,NaN,NaN,NaN,NaN,NaN,NaN,NaN,NaN,NaN,NaN,NaN,NaN,NaN,NaN,NaN
1598,1.7073176944692,1.23767151182875,80.7968827304123,11.5895892332784,1.06840907038123,5.8808797878678,0,NaN,NaN,NaN,NaN,NaN,NaN,NaN,NaN,NaN,NaN,NaN,NaN,NaN,NaN,NaN,NaN
1606.5,1.70391841871553,1.24222425434973,80.5007627647288,11.6130317507752,1.06064016104297,5.92395568069106,0,NaN,NaN,NaN,NaN,NaN,NaN,NaN,NaN,NaN,NaN,NaN,NaN,NaN,NaN,NaN,NaN
1615,1.70061333676021,1.24668411701913,80.2127809561767,11.6359164351941,1.05301135403109,5.96687327551272,0,NaN,NaN,NaN,NaN,NaN,NaN,NaN,NaN,NaN,NaN,NaN,NaN,NaN,NaN,NaN,NaN
1623.5,1.69739419016335,1.25105820002522,79.9323324830004,11.6582935896214,1.04551536197312,6.00965374178897,0,NaN,NaN,NaN,NaN,NaN,NaN,NaN,NaN,NaN,NaN,NaN,NaN,NaN,NaN,NaN,NaN
1632,1.69426974746418,1.25534449246015,79.6594087126047,11.6800954844262,1.03815548251482,6.05225846513787,0,NaN,NaN,NaN,NaN,NaN,NaN,NaN,NaN,NaN,NaN,NaN,NaN,NaN,NaN,NaN,NaN
1640.5,1.69122120370264,1.25955017294556,79.3934232616886,11.7014470741206,1.03091813697205,6.09474708208568,0,NaN,NaN,NaN,NaN,NaN,NaN,NaN,NaN,NaN,NaN,NaN,NaN,NaN,NaN,NaN,NaN
1649,1.68826234488331,1.26367200418114,79.1344586800431,11.7222458479781,1.02380979071153,6.13706311873897,0,NaN,NaN,NaN,NaN,NaN,NaN,NaN,NaN,NaN,NaN,NaN,NaN,NaN,NaN,NaN,NaN
1657.5,1.6853753626393,1.26771743283541,78.8819317380034,11.7426112856104,1.01681771501617,6.17926420280716,0,NaN,NaN,NaN,NaN,NaN,NaN,NaN,NaN,NaN,NaN,NaN,NaN,NaN,NaN,NaN,NaN
1666,1.68256097784918,1.27168722102389,78.6356883569891,11.7625333329992,1.00994056293468,6.22134166878289,0,NaN,NaN,NaN,NaN,NaN,NaN,NaN,NaN,NaN,NaN,NaN,NaN,NaN,NaN,NaN,NaN
1674.5,1.67982698442147,1.27557870289957,78.3957899051514,11.7819516279497,1.00318123883038,6.26326038005377,0,NaN,NaN,NaN,NaN,NaN,NaN,NaN,NaN,NaN,NaN,NaN,NaN,NaN,NaN,NaN,NaN
1683,1.67715239661268,1.27940180170979,78.1615281972874,11.8010105875602,0.996525488183411,6.30509242531603,0,NaN,NaN,NaN,NaN,NaN,NaN,NaN,NaN,NaN,NaN,NaN,NaN,NaN,NaN,NaN,NaN
1691.5,1.67455420694198,1.28315000855917,77.9332107181203,11.8195847107743,0.989981795413526,6.34676853280421,0,NaN,NaN,NaN,NaN,NaN,NaN,NaN,NaN,NaN,NaN,NaN,NaN,NaN,NaN,NaN,NaN
1700,1.67202135260724,1.28682872641342,77.7104193801415,11.8377485449803,0.983541972121904,6.38832453039516,0,NaN,NaN,NaN,NaN,NaN,NaN,NaN,NaN,NaN,NaN,NaN,NaN,NaN,NaN,NaN,NaN
