A0 f (kHz),A0 Phase velocity (m/ms),A0 Energy velocity 1 (m/ms),A0 Energy velocity 2 (m/ms),A0 Energy velocity absolute (m/ms),A0 Skew angle (deg),A0 Propagation time (micsec),A0 Coincidence angle (deg),A0 Wavelength (mm),A0 Wavenumber (rad/mm),A0 Attenuation (Np/m),A1 f (kHz),A1 Phase velocity (m/ms),A1 Energy velocity 1 (m/ms),A1 Energy velocity 2 (m/ms),A1 Energy velocity absolute (m/ms),A1 Skew angle (deg),A1 Propagation time (micsec),A1 Coincidence angle (deg),A1 Wavelength (mm),A1 Wavenumber (rad/mm),A1 Attenuation (Np/m),A2 f (kHz),A2 Phase velocity (m/ms),A2 Energy velocity 1 (m/ms),A2 Energy velocity 2 (m/ms),A2 Energy velocity absolute (m/ms),A2 Skew angle (deg),A2 Propagation time (micsec),A2 Coincidence angle (deg),A2 Wavelength (mm),A2 Wavenumber (rad/mm),A2 Attenuation (Np/m)
0.001,0.00330844888687134,0.271327422275182,0.0783758915023458,0.282420520584611,-16.1119396833729,368.558397678577,90,3308.44888687134,0.0018991332561046,0,610.320430178982,20.0900043210324,1.3934516553393,1.25629609054107,1.87616294145168,-42.0369149434459,71.7642407017345,0.978267945741421,32.9171420906568,0.190878822039748,0,648.807042827212,20.0603199103011,0.93952614284622,-0.76410470179647,1.21101831877101,39.1210207379753,106.4366337876,0.979715686160987,30.9187764406613,0.203215845854643,0
8.5,0.300538737392426,0.583643070985422,0.156729953840331,0.604320703550761,-15.0314360231517,171.337594792585,90,35.3574985167559,0.17770446357233,0,610.552425439528,19.9900043210324,1.40017361278017,1.26238491124467,1.88523256126773,-42.0375581788125,71.4197147319758,0.983162210484124,32.740848268094,0.191906613284133,0,648.973764343013,19.9603199103011,0.944517881479675,-0.767607340326168,1.21710108756728,39.1006751095998,105.874120501923,0.984624484744247,30.7567439656176,0.204286426229104,0
17,0.418762709918195,0.790841781219979,0.20193647257192,0.816216308265143,-14.3240409674269,126.447542826754,54.9927657222986,24.6331005834232,0.255070825773668,0,610.780983564367,19.8900043210324,1.40687109645127,1.26846637389088,1.89427907757064,-42.0385256535951,71.0797174327077,0.988105695820131,32.564871625438,0.19294365350028,0,649.134137341641,19.8603199103011,0.949544800607565,-0.77113097753734,1.22322455537753,39.0802565232842,105.313619679677,0.989582723892912,30.5950939379554,0.20536577922988,0
25.5,0.50540998858194,0.929518378164077,0.225657085512791,0.956517399521254,-13.645582476622,107.582595835828,42.7387811082587,19.8199995522329,0.317012383911569,0,610.975429402133,19.7900043210324,1.41361390253825,1.27454840522446,1.9033596356731,-42.038583041696,70.7406738292843,0.993099148041047,32.3908349970763,0.193980343753,0,649.298079390643,19.7603199103011,0.954571337686341,-0.774721562884986,1.22939006776989,39.0624753024947,104.759064149545,0.994591154360399,30.4333564775764,0.2064571915296,0
34,0.575203735750452,1.03159983688311,0.238112454971734,1.05872364886685,-12.9973037008831,96.9368125358969,36.6061077782632,16.9177569338368,0.371395884912658,0,611.254868866666,19.6900043210324,1.4204964310531,1.28082630782372,1.91267512700091,-42.0401948843893,70.3979241439304,0.998143328603096,32.2124294200548,0.195054686042022,0,649.466447132915,19.6603199103011,0.959609632679353,-0.778376991356319,1.23560567650198,39.0468633430378,104.209041462816,0.999650542178452,30.2714943891129,0.207561120915105,0
42.5,0.6339635549196,1.11014349385997,0.243675334586833,1.13657214713612,-12.38003308796,90.0784453118761,32.754502748349,14.91678952752,0.421215657403205,0,611.500308333333,19.5900043210324,1.42740109454376,1.28709066430309,1.92199798721042,-42.0410493182049,70.0573933859583,1.00323901451429,32.0359680184392,0.196129091637347,0,649.63999139022,19.5603199103011,0.964755502249512,-0.782024035174316,1.24189966209474,39.0279817355015,103.65320515595,1.0047616690478,30.1094762784575,0.208678000542807,0
51,0.684736428453392,1.17214790275448,0.244750569650723,1.19742788813193,-11.7941974767851,85.3134657878971,30.0610621544888,13.4262044794783,0.467979265233397,0,611.746041666667,19.4900043210324,1.43439841559222,1.29343063235926,1.93144029557705,-42.0417205697135,69.7156375195194,1.0083869987335,31.8596329089976,0.197214617165445,0,649.810865928086,19.4603199103011,0.969938320504751,-0.78570714825957,1.24824519562855,39.0095095067242,103.099339294029,1.00992533274089,29.9476677456095,0.209805496726894,0
59.5,0.72936412326297,1.22188612409293,0.242830941285261,1.2457819096039,-11.2401970925489,81.8406871378748,28.0519963735889,12.2582205590415,0.512569118569594,0,612,19.3900043210324,1.44138131482787,1.29977150168537,1.94087249744242,-42.0426901592921,69.3778939488625,1.01358809058195,31.6830135964581,0.198314004696889,0,649.988559392294,19.3603199103011,0.975156065177153,-0.789448279367726,1.25465450911733,38.9922798737791,102.547688078865,1.01514234751704,29.7856318092768,0.210946853416172,0
68,0.769075253794516,1.26229477489781,0.238906874283406,1.28470408784054,-10.7172575116919,79.2207984922503,26.486706708921,11.3099302028605,0.555545895905744,0,620.5,16.7471991748357,1.65313766111292,1.49047943757726,2.22584659858458,-42.0380215885928,60.4910300892173,1.17355901558795,26.9898455678255,0.232798119996275,0,650.170004672922,19.2603199103011,0.980463744450938,-0.793193774857884,1.26113659793698,38.9728095639049,101.992552571131,1.02041354455063,29.6235134993506,0.21210128593684,0
76.5,0.80473867998111,1.29534126196032,0.233661051013712,1.31624711650122,-10.2253781870104,77.1997333341054,25.2282467388511,10.5194598690341,0.597291627650508,0,629,14.9995299125236,1.82491035284993,1.64010868362835,2.45362064917378,-41.9471067026162,54.7972122815962,1.31031876721444,23.8466294316751,0.263483161223352,0,650.350724534264,19.1603199103011,0.985846713027008,-0.796949981534481,1.26768411469655,38.9517755104462,101.435647833073,1.0257397723726,29.4615185122188,0.21326753081562,0
85,0.83699335827902,1.32253690972366,0.227581759063112,1.34197516170742,-9.76381665457084,75.6122564631447,24.1922808735047,9.84698068563552,0.63808242422424,0,637.5,13.7343985153197,1.96521488290773,1.75175104981259,2.63262250930922,-41.7131371775682,50.8850207016751,1.43104161169427,21.5441545338349,0.291642231646264,0,650.536638940521,19.0603199103011,0.991312715249006,-0.800707721238377,1.27429735708158,38.9286652282189,100.876341503277,1.03112189732594,29.2993795727528,0.214447725474115,0
93.5,0.866338343307623,1.34500329905711,0.221010418236541,1.36304052743989,-9.3314307034505,74.3492600130447,23.3233157145319,9.26565073056281,0.678115924060731,0,646,12.7623282444939,2.07751487058107,1.82129699604207,2.76282297393035,-41.2401047423506,48.1344328341825,1.54006531193835,19.7559260750679,0.31804053544769,0,650.722607435481,18.9603199103011,0.996807659511431,-0.804536722468577,1.28097808250615,38.9074609346689,100.320256416382,1.03656080403554,29.1373308590343,0.215640387157543,0
102,0.893165075836824,1.36361313676179,0.214205321888487,1.3803349979895,-8.92744324508785,73.3345824443089,22.5833829294908,8.75652035134141,0.717543619506013,0,654.5,11.9820329060016,2.16227376994458,1.83796910551297,2.83787918858617,-40.3650965410148,46.2476127630051,1.64038419695214,18.3071549365952,0.343209271399116,0,650.917088338834,18.8603199103011,1.00232005550247,-0.808440211382963,1.28771932851977,38.8885689896262,99.7685314695902,1.04205739589302,28.9749958146488,0.216848532002307,0
110.5,0.917787903215616,1.37905081608027,0.207347387356459,1.3945515739388,-8.55066519860913,72.5136440470223,21.9455128325941,8.30577287977933,0.756484122323667,0,663,11.3333045503564,2.21818157947933,1.78444613448957,2.84685396998796,-38.8154082028629,45.081972064466,1.73430914670323,17.0939736807789,0.367567273971215,0,651.110595044133,18.7603199103011,1.00788208836976,-0.812372393498147,1.29451736557472,38.869483880343,99.2179553083919,1.04761259555705,28.8128008560966,0.21806923035912,0
119,0.940472043624276,1.3918660438807,0.200561444465272,1.40624179183884,-8.19961622782342,71.8459944041651,21.3897655542442,7.90312641701072,0.795025281849931,0,671.5,10.7774983278774,2.24399194930653,1.63992377714808,2.77936141288033,-36.1595753344007,44.5634397355585,1.82377865814537,16.0498858196238,0.391478505068072,0,651.309258033665,18.6603199103011,1.01360111923112,-0.81627101098076,1.30141676348283,38.8451115517294,98.658138889839,1.05322734546983,28.6504754540686,0.219304748266833,0
127.5,0.961431059585353,1.40249001509414,0.193955311595934,1.41583788102136,-7.87369466926326,71.301755394877,20.9013400935814,7.54063576145375,0.833243443384177,0,680,10.2886960914385,2.24183543564847,1.39058481499096,2.63809633035123,-31.8108527422156,44.6063071400573,1.91045534688085,15.130435428586,0.41526797671062,0,651.513660253154,18.5603199103011,1.01939680800533,-0.820179046871054,1.30838202414194,38.8192131839337,98.0972269235097,1.05890260839014,28.4879980921494,0.220555522604836,0
136,0.980842199001453,1.41130669589045,0.187563020977234,1.4237157288951,-7.5702618989944,70.8563208062343,20.4689346420833,7.21207499265774,0.871203545938747,0,688.5,9.8498270339111,2.22075529111998,1.04704543707094,2.45521042078443,-25.243018843206,45.0297249768423,1.99561132983128,14.306212104446,0.439192796898832,0,651.721255368308,18.4603199103011,1.02520683116713,-0.824169366799312,1.31541027510132,38.7959913841487,97.5412930931763,1.06463936794389,28.3254838755698,0.221820934631896,0
144.5,0.998874275534232,1.41858899756031,0.181454134251307,1.43014696686601,-7.28921874775107,70.4925811295449,20.083336386349,6.91262474418153,0.908943496819821,0,697,9.45091757816856,2.19586084057289,0.65274292988245,2.29082477803803,-16.5551399571379,45.5402264807958,2.07987944285568,13.5594226372576,0.463381478346659,0,651.930626781468,18.3603199103011,1.03112535831655,-0.828157075065903,1.32252169946097,38.7699844348927,96.9814185961477,1.07043862919253,28.1629964233229,0.223100738740151,0
153,1.0156516787731,1.42458998256888,0.175645176881205,1.43537724887823,-7.02882392225743,70.1956360943069,19.7376721781735,6.63824626649087,0.946512837117298,0,705.5,9.08730805963883,2.18097678898644,0.264589222596787,2.19696773094462,-6.91714038297269,45.8510152446294,2.16314024482377,12.8806634438538,0.487799819828203,0,652.143897676768,18.2603199103011,1.037045851131,-0.832238062192956,1.32969330656009,38.7473375443038,96.4277518597083,1.0763014192202,28.00044587606,0.224395901943534,0
161.5,1.03130266944101,1.42951360523601,0.170149073701185,1.43960406182958,-6.78774479573344,69.9538637713703,19.4259973035777,6.38577504297836,0.983934646130138,0,714,8.75703267596892,2.18209605800842,-0.0776863159434271,2.18347850231248,2.03896564583046,45.8274967469897,2.24476504952457,12.2647516470153,0.512296171012043,0,652.356426686671,18.1603199103011,1.04320780262946,-0.836172082588708,1.3369615817845,38.7135465941276,95.85817873289,1.08222878774031,27.8380332704588,0.225705072126887,0
170,1.0459257996378,1.43352963507041,0.164971950325483,1.44299097676295,-6.56477383749617,69.7578881897956,19.1437369003846,6.15250470375176,1.02124022812175,0,722.5,8.45844646481309,2.19803956964831,-0.361431861827953,2.22755716884756,9.33779767046131,45.4950863400518,2.32404880978289,11.7071923388416,0.536694463140704,0,652.57734057722,18.0603199103011,1.04929111719118,-0.840284419869672,1.34428038551934,38.6881488407966,95.3024364369799,1.08822180772225,27.675370852329,0.227031657162088,0
178.5,1.05960999349627,1.43678192607063,0.160109287577604,1.44567537402138,-6.35858108227165,69.5999846500602,18.8870760820184,5.93619043975503,1.05845413332778,0,731,8.18931588693036,2.22470038868734,-0.591236091328644,2.30192352938041,14.8829000766721,44.9498730294213,2.40046947642117,11.2028945101647,0.560853741993081,0,652.802958468131,17.9603199103011,1.05552211404295,-0.844364829098143,1.35169482423054,38.6580585412975,94.7398435992701,1.094281576039,27.5126202743426,0.228374660229621,0
187,1.07244226610623,1.4393873698005,0.155561995835801,1.4477691580116,-6.16830814699685,69.4740012994972,18.6526888678565,5.73498538024723,1.09558872265316,0,739.5,7.94684755594626,2.25801997036145,-0.777382635087798,2.3880908583819,18.9973687013668,44.2865879454522,2.47375569243631,10.7462441594946,0.584686632271259,0,653.034201538498,17.8603199103011,1.06180891744945,-0.848500935770869,1.35918799846791,38.6286621800956,94.1789039031694,1.10040921413664,27.3497465649174,0.229734681170292,0
195.5,1.08448818607335,1.44145879247702,0.15130266525554,1.44937777922898,-5.99210722061609,69.3741649236876,18.4379964051365,5.54725414871277,1.13266584489149,0,748,7.72807295128984,2.29495202015264,-0.929941360548534,2.47620591002879,22.0583659691576,43.5738957162813,2.54383084569634,10.3316483306014,0.608149358759083,0,653.265614200695,17.7603199103011,1.06817589778023,-0.852650642676607,1.36675267223277,38.597936842479,93.6175401521505,1.10660586872633,27.1869811057357,0.23111007738384,0
204,1.0958194677221,1.44306840411769,0.147339337692699,1.45057068059247,-5.82977873657109,69.2967843483074,18.2405860673406,5.37166405746126,1.1696906656797,0,756.5,7.5301211590092,2.3334565769279,-1.05699258446097,2.56168946596061,24.369237863279,42.8548793188407,2.61074878548093,9.95389446002538,0.631228845394405,0,653.50312957194,17.6603199103011,1.07459131777647,-0.856856324573961,1.37439050535245,38.5681153110406,93.0586338692168,1.11287271249992,27.0240785562405,0.232503220936968,0
212.5,1.10648404066056,1.44429887841231,0.143644210825407,1.45142444153553,-5.67973202463736,69.2377467674337,18.0586829767987,5.20698372075557,1.20668426177984,0,765,7.35040702889627,2.37223312049381,-1.16456807426446,2.64267076601755,26.1471773436003,42.1543730825173,2.67462626437512,9.60837520117159,0.653927971756708,0,653.747126953125,17.5603199103011,1.08118203282322,-0.861018700142381,1.3821388461709,38.5326916970243,92.4913631230777,1.11921094486999,26.8610280432793,0.233914550740796,0
221,1.11653675455592,1.44521038797056,0.140205436907584,1.45199539601077,-5.54114425311799,69.19407778436,17.8905653397286,5.05220250930281,1.24365270307557,0,773.5,7.18663125557199,2.41048740570072,-1.25703765605492,2.71856454802564,27.5414518220503,41.4853858035115,2.73562402675508,9.29105527546475,0.676261750780004,0,653.994791666667,17.4603199103011,1.08781412890772,-0.865242164188641,1.38995812229761,38.4985720208605,91.927469355827,1.12562179273527,26.697949483366,0.235343366392025,0
229.5,1.12603480210842,1.44585574445678,0.137009353530752,1.45233274311832,-5.41318667807675,69.163193066381,17.7346240653789,4.90646972596262,1.28059188339267,0,782,7.03683578454756,2.44773263529681,-1.33761173656835,2.78937272728161,28.6552679401117,40.8541351935173,2.79390388589619,8.99851123343678,0.69824720380772,0,654.24453125,17.3603199103011,1.09453573644623,-0.869478646551715,1.39785607097702,38.4629696989844,91.3629374264951,1.13210651127265,26.5349102378166,0.236789393703131,0
238,1.1349995120298,1.44628050300673,0.134037907490947,1.45247838332346,-5.29491431961504,69.1428805076928,17.5899549268551,4.76890551273026,1.31753193482384,0,790.5,6.89930628023426,2.48369123135119,-1.40864887273324,2.8553482763655,29.5601480569249,40.2626537218949,2.84964256941231,8.727775180562,0.719906869413082,0,654.5,17.2603199103011,1.10134784307405,-0.873741658999477,1.40584193923606,38.426322078352,90.7978352423908,1.13866638475664,26.3717645688329,0.238254262083216,0
246.5,1.14349585087619,1.44652323138261,0.1312790538521,1.45246812319923,-5.18566602950692,69.1312782473726,17.4550422639778,4.63892840112043,1.35444757148268,0,799,6.77260584195041,2.51820652308311,-1.47191112088459,2.9168281472658,30.3066150233453,39.7108017485267,2.90299830808072,8.47635274336722,0.741260480469764,0,663,14.7437924928086,1.31238656934644,-0.980913300022743,1.63845946228841,36.7754349789555,76.1970613961703,1.33305087648007,22.2379977267098,0.282542762365379,0
255,1.15153169479486,1.44660956394216,0.128725120550393,1.45232551005263,-5.0850151537957,69.1271525452173,17.3293635987581,4.51581056782299,1.39137486234473,0,807.5,6.65547620649623,2.55121341128638,-1.52869219763472,2.97415361154006,30.9301258713419,39.1970344611734,2.95413306287617,8.24207579751855,0.762330444603685,0,671.5,13.1659553791998,1.5080721514184,-1.01556071281396,1.81814333188968,33.9569761843894,66.3098247029802,1.49284085619893,19.6067838856289,0.320459762489907,0
263.5,1.15916339226646,1.44659011091134,0.126334412618011,1.45209618579419,-4.99112354879422,69.1280821330935,17.2116969644457,4.39910205793722,1.42828814254103,0,816,6.54686522601246,2.58268631285993,-1.58002360288564,3.02766298922283,31.4572635791935,38.7193750561467,3.00318601064019,8.02311914952507,0.783134986540929,0,680,12.0772388343064,1.70335041698486,-0.958202727588732,1.95436821254363,29.3594940802894,58.707826060249,1.62744941244819,17.7606453445683,0.353770101552147,0
272,1.16640381618604,1.44646640219672,0.124122015168868,1.45178212116471,-4.90456526735747,69.1339942968133,17.1015542821999,4.28824932421339,1.46520988686499,0,824.5,6.4458418259839,2.61263415899012,-1.62672762275699,3.07767769712207,31.9079986245681,38.2755464081713,3.05029805661411,7.81787971617211,0.803694292479604,0,688.5,11.2829941985369,1.90605568245578,-0.787912770948705,2.06248752705224,22.4589010100454,52.4643644571594,1.74204472988151,16.3877911380348,0.38340647951003,0
280.5,1.17328716841818,1.44626634382036,0.122066067675324,1.45140844084125,-4.82437706406946,69.1435574279123,16.9981632291024,4.18284195514504,1.50213308907143,0,833,6.35162253776809,2.641089989803,-1.66939940202028,3.12446006498775,32.2964600296821,37.8631551314384,3.09558960630033,7.62499704413936,0.82402462201725,0,697,10.6814280177069,2.11441439401986,-0.504910518039036,2.17386357917529,13.4304068787087,47.2944188626541,1.84018760475229,15.3248608575421,0.40999950117572,0
289,1.17983105845529,1.4460091000579,0.120151836418897,1.45099234362043,-4.74991129629482,69.1558580066998,16.9010416514508,4.08246040987988,1.53906827656522,0,841.5,6.26351416996862,2.66809348954544,-1.70856712788613,3.16826837554015,32.6342813967016,37.4799460333142,3.13917834591832,7.44327292925564,0.844142807458214,0,705.5,10.2113059366443,2.31764462287398,-0.144839529384507,2.32216603351462,3.57600785377739,43.1472534714988,1.92493986816614,14.4738567493186,0.434105809944221,0
297.5,1.18606500838809,1.44570547050544,0.118374194117266,1.45054360750799,-4.68092952445081,69.1703822390865,16.8095625972254,3.98677313743896,1.57600773622544,0,850,6.18091757314444,2.69369348229041,-1.74464113459708,3.20932349024869,32.9301692410079,37.1237487329001,3.18117056480665,7.27166773311111,0.864063862347488,0,714,9.83263523482424,2.50346530432642,0.237289330719776,2.51468581664581,-5.41456690892251,39.9446318777348,1.99910195719591,13.7711978078771,0.456255541081954,0
306,1.19200978583866,1.44537375701022,0.116715142719282,1.45007852269931,-4.61666499748442,69.1862568522427,16.7232587038205,3.89545681646622,1.61295211401661,0,858.5,6.10331184429954,2.71794207070921,-1.77794632928396,3.24781499620058,33.1907721387637,36.7925428130653,3.22166266729979,7.10927413430348,0.883801241657306,0,722.5,9.51876354567423,2.6653169033512,0.596977362118531,2.73135427328123,-12.6247392017163,37.5189906589593,2.06504844237463,13.1747592327671,0.476910825933927,0
314.5,1.19768461001633,1.44502225331612,0.115168424833505,1.44960445593183,-4.55684738661524,69.2030865064633,16.6417090603709,3.80821815585479,1.64990162066208,0,867,6.03023659627174,2.74089093011761,-1.80878509586313,3.28392853360385,33.4218563504604,36.4844871793965,3.26074517449614,6.95529019177824,0.903367815566755,0,731,9.25199250450207,2.80308428533833,0.912885622585258,2.94798942851456,-18.0389709741758,35.6749886270116,2.12461876929714,12.6566244931629,0.496434520165607,0
323,1.20309619772091,1.44465695391166,0.113727728776579,1.44912653373609,-4.50121247299963,69.2205853640429,16.564690716444,3.72475603009571,1.6868716384139,0,875.5,5.96128494947558,2.76259249943127,-1.83739265708794,3.31781993095385,33.6277692121978,36.1978829742667,3.29850230920645,6.80900622441528,0.922775673878775,0,739.5,9.02058012485789,2.92004161109934,1.18131474952686,3.1499440547415,-22.0259949639767,34.2460873228283,2.17914933313859,12.1982151789829,0.515090545213965,0
331.5,1.20827789864313,1.44428690657582,0.112384958333843,1.44865283880095,-4.44941686976297,69.2383206859394,16.491619178739,3.64488053889329,1.7238384743022,0,884,5.89610054924557,2.78309745455947,-1.86397514700655,3.34963203803545,33.8121358402281,35.9311887681737,3.33500994846233,6.66979700140901,0.942035463126126,0,748,8.81658804433961,3.02022262552204,1.40697774868855,3.33186600766296,-24.978567451058,33.1101419991234,2.22959415122,11.7868824122187,0.533065919166734,0
340,1.21322935797163,1.44392463072154,0.111122853619198,1.44819426452421,-4.40074587986269,69.2556923487269,16.4224031146401,3.56832164109302,1.76082369784776,0,892.5,5.83435644951406,2.80245804720769,-1.88869455490741,3.37948786476532,33.9776901994981,35.6829605708595,3.37034439772266,6.53709406108018,0.961158773068253,0,756.5,8.6344835665033,3.10722321537151,1.59707847487365,3.49363646721413,-27.20266425757,32.183075713807,2.27664163022738,11.4137257984181,0.550493801774212,0
348.5,1.2179728946916,1.44356844302221,0.109944265062914,1.44774914647179,-4.35532149355103,69.2727805760586,16.3566442397007,3.49490070212799,1.79781511484829,0,901,5.77577693920262,2.82071953412161,-1.91171033446175,3.40750569963765,34.1270064993291,35.4519472036559,3.40456743834058,6.41040725771656,0.980153842740048,0,765,8.47030360614462,3.18385597312529,1.75844695151165,3.63717947575951,-28.9119158318879,31.4084559239152,2.32079371201881,11.0722922956139,0.567469241185818,0
357,1.22251723992822,1.44322552064193,0.108838753880156,1.44732366033944,-4.31271449332296,69.2892403645419,16.2941458726331,3.42441803901464,1.83481842333349,0,909.5,5.72011158530237,2.83792713511664,-1.93315696816793,3.43379182359787,34.2621532694264,35.236986447818,3.43773866117536,6.28929256217962,0.999028944044237,0,773.5,8.32110069158097,3.25224886187192,1.89687273646993,3.76500316572379,-30.2528560382015,30.7479544915398,2.3624304893611,10.7577255224059,0.584062615661009,0
365.5,1.22687963384189,1.44289997550044,0.107800390446278,1.44692130521309,-4.2726827857006,69.3048733092652,16.2346039726403,3.35671582446483,1.87182521123346,0,918,5.66712070400507,2.85412476510372,-1.95314481476518,3.45843936512156,34.3847556725159,35.0370107230985,3.46992269509068,6.17333410022339,1.01779446975861,0,782,8.18461737036221,3.31397828196312,2.0169221800518,3.87948799891277,-31.3251353818801,30.1752128383782,2.40184831363455,10.4662626219466,0.600327503153271,0
374,1.23106736159301,1.44259463393424,0.10682391141314,1.44654437398424,-4.23501424219565,69.3195424741601,16.1778598234387,3.29162396147862,1.90884055430108,0,926.5,5.61660980253076,2.86935311391161,-1.97177482374782,3.48153461104152,34.4962440189197,34.8510608593852,3.50116688554572,6.06218003511145,1.03645640195245,0,790.5,8.05907252353177,3.37022957464969,2.12220020557833,3.98273537890734,-32.1982150649745,29.6715691869134,2.43928693825531,10.1949051531079,0.616306401365999,0
382.5,1.23508741665096,1.44230797257386,0.105908366929545,1.44619115954143,-4.19967956574538,69.33331986063,16.1237648344454,3.22898671019858,1.94586905153078,0,935,5.56838669311246,2.88365115463573,-1.98913559150907,3.50315634578877,34.5978177913149,34.6782584430301,3.53152583410587,5.95549378942509,1.05502340013121,0,799,7.94306235086802,3.42187729278723,2.21540785514653,4.07642934092299,-32.9200166510297,29.2237247112233,2.47493527519256,9.94125450671842,0.632031430533574,0
391,1.23895436414322,1.44204728044733,0.105043315682796,1.44586806355738,-4.16624853439835,69.3458538814204,16.0720751461465,3.16868123821796,1.98290229745962,0,943.5,5.52229226551357,2.89705552925459,-2.00530195683986,3.52337433119025,34.6904489518575,34.5178057480072,3.56104124349406,5.85298597298735,1.07350083123002,0,807.5,7.83543042375437,3.46959050147112,2.29862559061699,4.16193919390204,-33.5247243940183,28.8218451017777,2.50895399233805,9.70331941022214,0.647529473322341,0
399.5,1.24267403531498,1.44181130330108,0.104227528588169,1.44557366192193,-4.134679495935,69.3572035196603,16.0226702183877,3.11057330491861,2.01994445758416,0,952,5.4781772923528,2.90959870779859,-2.02037371382527,3.54226969384593,34.7754274193123,34.3690006913909,3.58975522661331,5.7543879121353,1.09189463816458,0,816,7.73520632542904,3.51390540930095,2.37356652830459,4.24044211018172,-34.038168857305,28.4583642278219,2.5414833952855,9.47941951645715,0.662823846573241,0
408,1.24625930430573,1.4416038304781,0.103454332642554,1.44531117860192,-4.10470084704363,69.3671852736651,15.9753410282077,3.05455711839641,2.05698733519776,0,960.5,5.43589052080221,2.92131617690457,-2.03437903200417,3.55988570761795,34.8530156846371,34.2311458070109,3.6177176052287,5.65943833503614,1.11021358219984,0,824.5,7.64159005717952,3.55523109525896,2.44150289784306,4.31284181727922,-34.4787628733246,28.1275667658718,2.57263963910658,9.26815046352882,0.677933027943882,0
416.5,1.24971502744428,1.44142282163419,0.102723531189083,1.44507850118525,-4.07631340377814,69.3758961625338,15.9299894984824,3.00051627237522,2.09403473829715,0,969,5.39531734798865,2.93223119598212,-2.04743510548395,3.57630679582426,34.9247325393752,34.1037228363932,3.64495972318332,5.56792295974061,1.12846125074121,0,833,7.55390197220671,3.59389841226308,2.50345328224944,4.3798840320347,-34.8604643316566,27.8249378610093,2.60252409167102,9.06830969052426,0.692872819919799,0
425,1.25304588558661,1.44127075334386,0.102028913606854,1.44487760161758,-4.04926708400767,69.3832160043436,15.8865230162526,2.94834326020378,2.13109015900181,0,977.5,5.3563420241147,2.94238955611267,-2.05947634489079,3.59153158347322,34.9894541297296,33.9859825128372,3.6715184358231,5.47963378426056,1.146643289416,0,841.5,7.47154546865026,3.63018495087983,2.56028177660776,4.44221628843353,-35.194392879987,27.546805838574,2.63123097229121,8.87884191164618,0.70765820246648,0
433.5,1.25626289603853,1.44114530580043,0.101372159991611,1.44470623562438,-4.02363714693563,69.3892556132353,15.8447698548522,2.89795362407964,2.16814556829737,0,986,5.31886260192408,2.95180541574821,-2.07064571366078,3.60565235206366,35.0490642581554,33.8775718299346,3.69742567625576,5.39438397761063,1.16476419425423,0,850,7.39402258036256,3.66430901960493,2.61262069268396,4.50032748530576,-35.4885413108467,27.290274773491,2.65883792216985,8.69885009454419,0.722300676398633,0
442,1.25936995007851,1.44104967050772,0.100745489088096,1.44456699617637,-3.99910895750652,69.3938606326924,15.8046544404204,2.84925328072061,2.20520420199024,0,994.5,5.2827742721501,2.96050541016181,-2.08097476468121,3.61870809196284,35.10384361002,33.7780162997691,3.72271946209524,5.31199021835103,1.18283073742746,0,858.5,7.32088742798978,3.6964643634981,2.6610480961124,4.55467076312162,-35.7497399948197,27.0528781468804,2.68541889693374,8.52753340476387,0.736811573633884,0
450.5,1.26237080598237,1.44098302982421,0.100147152422017,1.44445891058887,-3.9756175262652,69.3970698684769,15.7661051120117,2.8021549522361,2.2422690444601,0,1003,5.24799301170955,2.96851609083598,-2.09048503057459,3.63073208108345,35.1539291470627,33.6868647297237,3.74742704286545,5.23229612333953,1.20084665681523,0,867,7.25175867189653,3.72680202476748,2.70597057341519,4.60557597657448,-35.9827936574741,26.8326568826095,2.71103718957173,8.36419685339853,0.751200075429431,0
459,1.26527495461588,1.44094304772961,0.0995792676569306,1.44437976216347,-3.95325479353583,69.3989954409112,15.7289791298001,2.75659031506728,2.27933228700553,0,1011.5,5.21444633276141,2.97586034694611,-2.09924185640303,3.64177994615279,35.2000424936857,33.6037274405777,3.77157055338552,5.1551619701052,1.21881433476112,0,875.5,7.18628690496332,3.75546777935824,2.74780795506975,4.65338444572792,-36.1922603537458,26.6278412904101,2.73575521137596,8.20820891486387,0.765475802620186,0
467.5,1.26808551252195,1.4409320958381,0.0990347388488306,1.44433139698451,-3.93173500410864,69.3995229121719,15.6932179159663,2.71248237972609,2.31639672727167,0,1020,5.18204413015954,2.98256029291004,-2.10724506900857,3.65186906688952,35.2420542905416,33.5282409001803,3.79518781233666,5.08043542172503,1.23674149666608,0,884,7.12418940445553,3.78257501508192,2.78686604522967,4.69835035930443,-36.3814606231816,26.4370170059494,2.75961960765956,8.05903778784562,0.779644601822774,0
476,1.2708109851789,1.4409470758372,0.0985168774633614,1.44431092584281,-3.91119905833717,69.3988014389071,15.65869633679,2.66977097726661,2.35345479469273,0,1028.5,5.15073097076327,2.98863609182109,-2.11454604617493,3.66104502440624,35.2805056214919,33.4600790888081,3.8182942464515,5.00800288844266,1.25462893036259,0,892.5,7.06517625869873,3.80823368554635,2.82342274390925,4.7407130048711,-36.5532211068914,26.2588927721365,2.78268788808511,7.91616387529269,0.793715921772434,0
484.5,1.27344862522094,1.44099020793817,0.0980184329425453,1.4443200450628,-3.89135524260921,69.3967241755823,15.6254334872871,2.62837693544054,2.3905191156026,0,1037,5.12043204736399,2.99410753829334,-2.12115900832794,3.66933174971626,35.3154544400414,33.3989339798398,3.84092188874,4.93773582195177,1.27248308409825,0,901,7.00901547302315,3.8325325767559,2.85770335543986,4.78066673379221,-36.7098168785964,26.0924070434507,2.80500235051769,7.77915146839417,0.807695457879625,0
493,1.27600641483202,1.44105926301356,0.097541198510418,1.44435663356528,-3.87228170475488,69.3933987078916,15.5933140787384,2.5882483059473,2.42758211905018,0,1045.5,5.09109846122381,2.99899375617691,-2.12712783671033,3.67676983006769,35.3473351561774,33.3445175716135,3.86308578122133,4.86953463531689,1.29030508615957,0,909.5,6.95549791071886,3.85554920399545,2.88989618611343,4.81837728192209,-36.8531006005733,25.936642151103,2.82660228866855,7.64760627896521,0.821588491612275,0
501.5,1.27848926920058,1.44115471353194,0.097082062337946,1.44442093420274,-3.85385505461815,69.3888026462634,15.5622633717591,2.54933054676088,2.46464128206633,0,1054,5.06266656063791,3.00331326122066,-2.13246012622947,3.68337844037,35.37611798963,33.2965599330641,3.88481405781594,4.80328895696196,1.3081006292725,0,918,6.90442574477433,3.87736006024227,2.92018268831606,4.85400741345775,-36.9847501422102,25.7907438170062,2.84752788643623,7.52116094201996,0.835400991365052,0
510,1.28089938369507,1.44127418030732,0.0966416423300056,1.44451059873328,-3.83610703159835,69.383051029664,15.5322419469523,2.51156741900993,2.50169884336867,0,1062.5,5.0350859144454,3.00707652513174,-2.13719180410828,3.68918663604133,35.4021996106716,33.2548903109871,3.90612680895975,4.73890439006626,1.32587298455535,0,926.5,6.85562705346819,3.8980296642272,2.94871553240477,4.88769460525515,-37.1061600257205,25.6539864018263,2.86781361362021,7.39948953423442,0.849137670660909,0
518.5,1.28323888936647,1.4414183444768,0.0962171299490873,1.44462610383791,-3.81892549988376,69.3761116494583,15.5032120763697,2.47490624757275,2.53875689769735,0,1071,5.00832083862424,3.01030929288857,-2.14133041766241,3.69421953820527,35.4254736574233,33.2191779217623,3.92703428762812,4.67630330403757,1.34362227996516,0,935,6.80893435694345,3.91761603093573,2.97561142165352,4.91955066022493,-37.2183588847777,25.5257276900909,2.88749643559326,7.28228273469888,0.862804361775359,0
527,1.28551899352669,1.44158644060807,0.0958086916315406,1.44476668397953,-3.80231984262973,69.3680220506369,15.4750248689331,2.43931497822901,2.57579909247362,0,1079.5,4.98230976243187,3.01301798361913,-2.14491509009909,3.69850484836063,35.446402315489,33.1893140179281,3.94756851881445,4.61538653305407,1.36135625091879,0,943.5,6.7642100791502,3.93617416485049,3.00100785125404,4.94969849377968,-37.3225293347016,25.4053798973091,2.90660461265227,7.1692740637522,0.876404675188431,0
535.5,1.28773229776034,1.44177747298192,0.0954133736423114,1.44493113796746,-3.78617649327997,69.3588309388534,15.4477625859589,2.40472884735824,2.61284564955509,0,1088,4.95702058956055,3.01522035104376,-2.14794810240711,3.70205818646639,35.4648757424896,33.1650719873205,3.96773995480484,4.55608510069904,1.37907549317188,0,952,6.72132510349391,3.95375062134546,3.02499305606668,4.97822528267265,-37.4194058755445,25.2924399075959,2.92516609179434,7.06021544484655,0.889942432530988,0
544,1.28988940481618,1.44198976150722,0.0950336235961163,1.44511794048287,-3.77059730558818,69.3486199898369,15.4212859657778,2.3711202294415,2.649880520255,0,1096.5,4.93241362632899,3.01693188140495,-2.15045033964337,3.70490413375432,35.4810359551836,33.1462571682034,3.98756626797853,4.49832524061011,1.39678324067279,0,960.5,6.68015468495071,3.97039146099944,3.04766528577352,5.00522447525446,-37.5097788238412,25.1864333737076,2.94320998934373,6.95487213425373,0.903422117026998,0
552.5,1.29198331537624,1.44222289502611,0.0946656861440911,1.44532642370871,-3.75543529952049,69.3374098725495,15.3956728036431,2.33843134004749,2.68692315210417,0,1105,4.90845814035279,3.01816305251288,-2.15244603103688,3.70706516372187,35.4951083970554,33.1327361246244,4.007059100253,4.44204356593012,1.41448079333818,0,969,6.64059708291663,3.98613351563156,3.06909210301295,5.030764031558,-37.5941892964315,25.0869670089703,2.96075807454291,6.85304136523904,0.916846254430922,0
561,1.29402406023849,1.44247596042991,0.0943104084036313,1.44555572343353,-3.74072684143629,69.325245441315,15.3707927558034,2.30663825354455,2.72395781936088,0,1113.5,4.88510566913408,3.01892681802979,-2.15393782210085,3.70855325889975,35.5070215520677,33.1243537944593,4.02624572585127,4.38716270241049,1.4321751285238,0,977.5,6.60254341148023,4.00101756198091,3.08936080145252,5.05492746662413,-37.6733017155236,24.9936418550709,2.97783770156336,6.75452011404627,0.930219349575031,0
569.5,1.29602096097284,1.44275071573071,0.093965527232768,1.44580743809458,-3.72637832554954,69.312043244666,15.3465259479375,2.27571722734476,2.76096925913358,0,1122,4.86233849163262,3.019233125529,-2.15494958910162,3.70939030001709,35.5169954209387,33.1209932596639,4.04512933518375,4.33363501928041,1.44986490076474,0,986,6.56590660724683,4.01507668404404,3.10853538956132,5.07777835740289,-37.7475987925059,24.9061245573219,2.99446870591828,6.65913449010835,0.943543836892436,0
578,1.29795935875599,1.44304797753791,0.0936215718904651,1.44608176262599,-3.71201367859368,69.2977652556067,15.3230441864986,2.24560442691348,2.79799292870813,0,1130.5,4.84012830420174,3.01909789953329,-2.15549438610886,3.70959676723941,35.5250577458348,33.122476755543,4.06372257922064,4.28140495727708,1.467552210052,0,994.5,6.53059461629963,4.02834185150728,3.12665795787286,5.09936545642051,-37.8173630298656,24.8241096923249,3.01067516537788,6.56671152971305,0.956823712865936,0
586.5,1.29985611127427,1.44335103113924,0.0933108817712689,1.44636410344963,-3.69895469905868,69.2832151310204,15.3001372501616,2.21629345485808,2.83499700520567,0,1139,4.81842996828839,3.01852681312817,-2.15558168171004,3.70918272778487,35.5312810583809,33.1287433211062,4.0820532751578,4.23040383519613,1.48524480214034,0,1003,6.49653899246793,4.04084122395182,3.14381026295028,5.11975983485748,-37.8832321898608,24.7473222672687,3.02647213610566,6.47710766945955,0.97006034604082,0
595,1.30171211325016,1.44368211633978,0.0929921855954233,1.4466739783452,-3.68551302130832,69.2673261434681,15.2777894900843,2.1877514508406,2.871983151818,0,1147.5,4.79722866468224,3.0175300788445,-2.15523072512797,3.70816764120326,35.5358181843651,33.1396862291735,4.10012465815827,4.18059142891698,1.50294172822511,0,1011.5,6.46365773676943,4.05260448468295,3.16002627951177,5.13900468928346,-37.9453938298915,24.6754896457218,3.04188253906456,6.39017077288129,0.983257808045486,0
603.5,1.30351374016816,1.44402184974616,0.0926927611628871,1.44699379767721,-3.67281669510066,69.2510296970775,15.2561595873149,2.15992334742032,2.90898531870765,0,1156,4.77650393242362,3.0161260854711,-2.15442829825627,3.70655876194977,35.5383384592317,33.1551126067665,4.11794528252926,4.13192381697545,1.52064403544082,0,1020,6.43188655318859,4.06365376283478,3.17534761903071,5.15714207734141,-38.004144018307,24.6083957532446,3.05692257247139,6.30577113057705,0.996418229756557,0
612,1.305283697863,1.44438112367961,0.0923975526141571,1.44733345783584,-3.66024315301544,69.2338042643806,15.2349702018669,2.13281649977614,2.94595681711909,0,1164.5,4.7562293586529,3.01431674380972,-2.15322215867707,3.70438538716338,35.5394243579459,33.1750139415052,4.13552949858973,4.08435324916522,1.53835501580667,0,1028.5,6.40116139536877,4.07401457445917,3.189822186448,5.17422074655321,-38.0597999194696,24.5458130235764,3.07160964095465,6.22378356380046,1.00954431380369,0
620.5,1.30700871522574,1.44475477701341,0.0921106117664014,1.44768806394992,-3.6479658565002,69.2158984978194,15.2143760957276,2.10637987949353,2.98293074689374,0,1173,4.73637092750203,3.01210784107964,-2.1515960063198,3.70164274622832,35.5388164816866,33.1993425455035,4.15289911490064,4.03782687766584,1.55608090627494,0,1037,6.37142618952501,4.08370075834692,3.20347121452121,5.19026393413564,-38.1125163310888,24.4875924847343,3.08595857274343,6.14409468613791,1.02263809855592,0
629,1.30869667166858,1.44514252757665,0.0918324308804003,1.44805736087077,-3.63600511373268,69.1973269707104,15.194278935927,2.08059884208041,3.01989272516223,0,1181.5,4.71692601921131,3.00951721776569,-2.1495706112436,3.69835743225967,35.5366119807722,33.2279208803601,4.17004912627526,3.99231994854956,1.57381807774758,0,1045.5,6.34262999580774,4.09274742706089,3.2163525185582,5.20533428564863,-38.162613502207,24.4334647525056,3.09998279886943,6.06659970904614,1.03570131680363,0
637.5,1.31034836342221,1.44554325279407,0.0915613176108701,1.44844011632552,-3.62429704301493,69.1781444842357,15.1746655176981,2.05544841321131,3.05684407684214,0,1190,4.6978606001676,3.0065459161523,-2.14714966495913,3.69453245075289,35.532842818611,33.2607592861836,4.1870026458781,3.94778201694756,1.59157351652302,0,1054,6.3147203055193,4.10115994125116,3.22847156408366,5.21943881119609,-38.2101529233263,24.3833455491845,3.11369752269903,5.99119573578681,1.04873644331943,0
646,1.31196456961083,1.44595862265097,0.0912954438225051,1.44883787791507,-3.61276545648762,69.1582721894652,15.1555230418683,2.03090490651831,3.09378606896528,0,1198.5,4.67916019624384,3.00320293708096,-2.14434586941025,3.69018252786343,35.5275817697732,33.2977830985999,4.20376615790367,3.90418038902281,1.60934810411059,0,1062.5,6.28764683240481,4.10897560586831,3.2398866900485,5.23264238162463,-38.2554303465042,24.3369660937347,3.12711784214107,5.91778525402805,1.06174608193206,0
654.5,1.31354605261961,1.4463819476188,0.0910415285059109,1.44924438874547,-3.60169228951948,69.1380310468003,15.1368390999574,2.00694584051889,3.13071991297737,0,1207,4.66081806009384,2.99950428668623,-2.14116889265651,3.68532633463157,35.5207990606921,33.3388421693097,4.22033954209291,3.86148969353259,1.62714025048493,0,1071,6.26135929135366,4.11616133903287,3.25059367433841,5.24491595782027,-38.2986739982769,24.2944801632814,3.14025979298083,5.846273848136,1.07473332081132,0
663,1.31509973612238,1.44681911737666,0.0907917114916522,1.4496650279572,-3.59075272511995,69.1171403522218,15.1185289449317,1.98355917967177,3.16763188694945,0,1215.5,4.64279624138716,2.99544459250299,-2.13761474049241,3.67995721245857,35.5124838363686,33.3840259473603,4.23675138745447,3.81965959801494,1.64495949074753,0,1079.5,6.23582964505689,4.12277209764068,3.26062108824662,5.25631997220518,-38.3397937763243,24.2555245916277,3.15312906492785,5.77659068555525,1.0876978566079,0
671.5,1.31662003970615,1.44726676230343,0.0905481856182024,1.45009656753852,-3.58004175345102,69.0957621667777,15.1006555282772,1.96071487670313,3.20453798858534,0,1224,4.62509851018307,2.9910417685791,-2.13371096345252,3.67410578739131,35.5028134219291,33.4331673500852,4.25299290946101,3.77867525341754,1.66280108392403,0,1088,6.21101874796547,4.12882106634363,3.27000298785383,5.26688550648824,-38.3790252469158,24.2199888038639,3.16573754545606,5.70865693746826,1.10064160029314,0
680,1.31810768051761,1.4477243178094,0.0903106101444493,1.45053841958128,-3.56954736697662,69.073924344459,15.0832074732377,1.93839364782001,3.24143927846952,0,1232.5,4.60769686570632,2.98629632791689,-2.12944877845124,3.66776742149463,35.4916611519518,33.4862950689678,4.26908469585462,3.73849644276375,1.68067173618457,0,1096.5,6.18687986593982,4.13431391433768,3.27876366362706,5.27663175749524,-38.4165668833889,24.1878101353656,3.17810172293908,5.64238929862273,1.11356820216451,0
688.5,1.31956917139293,1.4481887089159,0.0900844155615999,1.45098784921121,-3.55949115178447,69.0517743884768,15.0661058215367,1.91658557936518,3.27832233260397,0,1241,4.59058758920034,2.98121891277744,-2.12484525414382,3.66096074275039,35.4791357427989,33.5433267149226,4.2850253956772,3.69910361740559,1.69856969607853,0,1105,6.16338041985995,4.13926771535008,3.28692796871748,5.28558726073808,-38.4525413959707,24.1588626000584,3.19023155320781,5.57771983697733,1.12647918698343,0
697,1.32100497199895,1.44866421823378,0.0898559872713407,1.45144828210977,-3.54932598674684,69.0291088447815,15.0493429672096,1.89527255666995,3.31518824829044,0,1249.5,4.57374429377256,2.97581238623542,-2.11989414573704,3.65368451664923,35.4651188937433,33.6042690266861,4.30083510335574,3.6604596188656,1.71650174060021,0,1113.5,6.14049704248184,4.14367243020185,3.29447622892996,5.29373165468363,-38.486873818277,24.1331817812463,3.20213274500235,5.5145909676532,1.13937467783825,0
705.5,1.32240992532633,1.44914828623718,0.0896380092164749,1.45191794816389,-3.53955802209806,69.0060506227816,15.0329767603069,1.8744293767914,3.35205230187705,0,1258,4.55716361508642,2.97009820313916,-2.11459329455045,3.64595503779849,35.4493730758877,33.6689204061697,4.31651278020627,3.62254659386838,1.73446638831773,0,1122,6.11819937280933,4.14755438595471,3.30143681231435,5.3011029427994,-38.5196501704104,24.1105940258771,3.21381509351787,5.45294061747712,1.15225632332057,0
714,1.32379018220851,1.44963877155292,0.0894250267188023,1.45239436909991,-3.52997748566772,68.9827024237737,15.0169332879867,1.85404787424161,3.38890133015023,0,1266.5,4.54083197270593,2.96404637776674,-2.10901015938652,3.63778707210135,35.4330209000495,33.7376637390353,4.3320672298749,3.58533910201811,1.75246612060849,0,1130.5,6.09644823873096,4.15091918531799,3.30784329640558,5.30772619457865,-38.5511370445066,24.0910496050381,3.2252935674107,5.39270078613972,1.16512774514184,0
722.5,1.32514617676267,1.45013616351273,0.0892178114364746,1.4528780783689,-3.52061351514294,68.9590415825269,15.0012055450093,1.83411235538086,3.42573631803208,0,1275,4.52473607887416,2.95769841712051,-2.10308403835375,3.62917930102875,35.4148915870418,33.8100732046087,4.34750733149945,3.54881261088169,1.77050354473874,0,1139,6.07522135995188,4.15378509023984,3.31370519416176,5.31362142890453,-38.5813099567175,24.07442798015,3.23657475352454,5.33382033358374,1.17798967985822,0
731,1.32647833547507,1.45064022523448,0.0890153586674499,1.45336877534473,-3.51142707311522,68.9350800153333,14.9857867019012,1.81460784606712,3.46255821653004,0,1283.5,4.50886242304563,2.95104840335462,-2.09683772254769,3.62014020635125,35.3953141471622,33.8862622132272,4.36284252746755,3.51294306431292,1.78858159444964,0,1147.5,6.05449202209227,4.15614591735491,3.31903445455073,5.31879108415068,-38.610327823034,24.0607529159233,3.2476679838205,5.27624577088651,1.19084394094172,0
739.5,1.32778707733509,1.45115008196131,0.0888182673102893,1.45386562136406,-3.50244377611369,68.9108599055754,14.9706700996763,1.79552005048694,3.49936794383087,0,1292,4.49320865306179,2.94410234590699,-2.09029335624292,3.61068759910468,35.3745020038363,33.9662104950339,4.37807171806297,3.47771567574442,1.80669896363355,0,1156,6.03424442564491,4.15801457166427,3.32382172620864,5.32323924371138,-38.6380405338054,24.0499397672804,3.25857711127663,5.21993462426031,1.20369042132782,0
748,1.32907281396711,1.45166445148616,0.0886284989034511,1.45436745374974,-3.4937437403423,68.886442660784,14.955849244747,1.77683531279026,3.53616638635618,0,1300.5,4.47774957664918,2.93686132682648,-2.08343478387508,3.60081309590898,35.3522186341169,34.0499563552965,4.39321630433684,3.44309848262144,1.82486366245203,0,1164.5,6.01444085986887,4.15939162662872,3.32809966600108,5.32698658628925,-38.6647330350781,24.0419775237784,3.2693181692009,5.16482684402651,1.21653358320164,0
756.5,1.3303359497599,1.45218485556224,0.0884395786564562,1.45487539459476,-3.48506860059489,68.8617565573517,14.9413178040176,1.75854058130852,3.57295439978092,0,1309,4.46248893875997,2.92933774342412,-2.07627986225875,3.5905372413429,35.3285621207119,34.1374087793337,4.40826971063779,3.40908245894574,1.84307225854627,0,1173,5.99507990021064,4.16027955559386,3.33185819727574,5.33002861413012,-38.6903168464962,24.0368462416285,3.27988787938421,5.11089505559304,1.22937083208227,0
765,1.33158428318011,1.45271337314283,0.0882514931684491,1.45539151796157,-3.47641295040066,68.836703680684,14.9269847033023,1.74063304990864,3.60971274646851,0,1317.5,4.44741627745919,2.92153716621934,-2.06883610776154,3.5798690275454,35.3035593318739,34.2285565134216,4.42323940138576,3.37564802843202,1.8613271449684,0,1181.5,5.9761182028493,4.16070166720439,3.33513011447463,5.33240388979988,-38.7149223265219,24.034407654897,3.29030611195758,5.05807719242429,1.24220826771687,0
773.5,1.33280823508821,1.4532379894099,0.0880803148212967,1.4559048031115,-3.46843687053817,68.8118537560431,14.9129585391938,1.72308756960337,3.64646894215938,0,1326,4.43251566919709,2.91345968437154,-2.06109946773301,3.56880629179388,35.2771360016015,34.3234541862456,4.43813858646995,3.34277199788619,1.87963322390901,0,1190,5.95754982878641,4.16064164876901,3.33790477037021,5.33409291122038,-38.738580455453,24.0347543580415,3.30057261435513,5.00634439393816,1.25504456201365,0
782,1.3340082816856,1.45376987736055,0.0878829131706159,1.45642379228996,-3.45941940081483,68.7866776972699,14.899232197842,1.70589294333198,3.68322369333868,0,1334.5,4.4177807748907,2.90511231016035,-2.05307753851356,3.55735926127712,35.2493048147186,34.4220771259892,4.45297120778377,3.31043894708932,1.89799159797344,0,1198.5,5.93935469270245,4.16011425794901,3.34018753579611,5.33511044060742,-38.7612470175787,24.037801319741,3.31069512676679,4.95565681493738,1.26788144171742,0
790.5,1.33519426523694,1.45430691363454,0.087734868598935,1.45695092786726,-3.45233365930918,68.7612766345755,14.8856918112268,1.68905030390504,3.71995155659545,0,1343,4.40321098549347,2.89650426136471,-2.04478346062122,3.54554316528991,35.2201306508545,34.5243752387522,4.46773553553183,3.27863811280228,1.91640098449575,0,1207,5.9215135882895,4.15911462506007,3.34197978094471,5.33545343158684,-38.7829753679896,24.0435787456942,3.3206811852799,4.90597646088608,1.28072063885214,0
799,1.33636635054352,1.4548396421964,0.0875810567461394,1.45747343921147,-3.44503690811935,68.7360978485768,14.8723345469801,1.67254862395936,3.75665329974423,0,1351.5,4.38878427088873,2.88763308337488,-2.03620585065915,3.5333495567888,35.1894629706086,34.630438533114,4.48245176329417,3.24734315271087,1.93486952616462,0,1215.5,5.90400774637612,4.15765208251536,3.34331702308183,5.33515131519932,-38.8040083748479,24.0520365858753,3.33053835150655,4.85726675966772,1.29356397703992,0
807.5,1.33750638664251,1.45537846807552,0.0874219026979489,1.45800174019415,-3.43752146210235,68.7106496306985,14.8593657707463,1.65635465838082,3.79338161388803,0,1360,4.374506110887,2.87851204260931,-2.02736164753669,3.52079917481095,35.1573774383012,34.7401707964898,4.49711232130774,3.21654861094632,1.95339354915922,0,1224,5.88682459319681,4.15572386472729,3.34417250455807,5.3341850905369,-38.8241482646725,24.063196510426,3.34027092955008,4.80949721666406,1.306412089274,0
816,1.33864196947549,1.45592515552176,0.0872594052971539,1.45853771370296,-3.42986188204426,68.6848493693093,14.8464703861555,1.64049260965133,3.83006011134363,0,1368.5,4.36036399456406,2.86914178547828,-2.01825400151806,3.50789449667762,35.1238850482527,34.8536278360779,4.51172813092242,3.18623602087253,1.97197736326481,0,1232.5,5.86994514344962,4.15333113884867,3.34455894489005,5.33256355656208,-38.8435006575166,24.0770592704825,3.34988706283162,4.76263297642971,1.31926716551015,0
824.5,1.33975537295626,1.45646985743485,0.0871070114950271,1.45907233441933,-3.42260863069816,68.6591620757064,14.8338488336895,1.62493071310643,3.86674044406965,0,1377,4.34635143247293,2.85952834619841,-2.00888418506838,3.49464133091367,35.0889202185425,34.9708021369834,4.5263041504191,3.15639174471527,1.99062277922235,0,1241,5.85335353790529,4.15052449998521,3.3445498777219,5.33037217364295,-38.8623461996146,24.0933404923538,3.35939335559043,4.71664265745793,1.33213087432957,0
833,1.34085572873998,1.45701424023064,0.086960607600795,1.45960701680595,-3.41559615086526,68.6335090205915,14.8213965057313,1.60967074278509,3.90339784415057,0,1385.5,4.3324596092429,2.84967570525366,-1.99925359798766,3.48104389144686,35.0524368528809,35.0917123010314,4.54084794051135,3.12700080060837,2.00933281051836,0,1249.5,5.83704007236999,4.14715006213461,3.34392080468143,5.32735018427026,-38.8798496220925,24.11294467327,3.36879306817334,4.67150065815925,1.34500362238104,0
841.5,1.34194318972937,1.45756241514814,0.0868141262660785,1.46014550184967,-3.40857692632616,68.6076966315275,14.8091108688763,1.59470373111036,3.94003298832487,0,1394,4.31868489017904,2.83958901858515,-1.98937455163297,3.46711362680173,35.0145239438546,35.2163638278281,4.55536180846698,3.0980522885072,2.02810821834358,0,1258,5.82098980481599,4.14336671302337,3.34292278936511,5.32377877961197,-38.8970460538503,24.1349624414565,3.37809263479049,4.62717790525913,1.35788712598197,0
850,1.34300941124631,1.45810502387985,0.0866823591810523,1.46067932553893,-3.40215198783132,68.5821654560324,14.7970851771627,1.58001107205448,3.97667169446451,0,1402.5,4.30502540987317,2.8292775991742,-1.97924966699083,3.45285982592289,34.9751002651922,35.3447113246108,4.56984626328797,3.06953683413417,2.04694898504188,0,1266.5,5.80518680353487,4.13911303776565,3.34145055166227,5.31954401510183,-38.9134734047218,24.1597654105096,3.38729926339829,4.58364532454392,1.37078348395221,0
858.5,1.34406313797985,1.45865481993098,0.0865421355548341,1.46121984141137,-3.39538404440043,68.5563154720403,14.7852198104796,1.56559480253914,4.0132895797746,0,1411,4.29146654963253,2.81874036517135,-1.9688765614151,3.43828040746186,34.9341136559569,35.4768396676793,4.58431550319872,3.04143625062546,2.06586125416486,0,1275,5.78962412388809,4.13439032894657,3.33951199371433,5.31465179934196,-38.9291935049153,24.1873630798376,3.39641508896171,4.54088166579458,1.38369280893386,0
867,1.34509628411312,1.45918802750857,0.0864273512328096,1.46174532209461,-3.38965493586539,68.5312640419211,14.7736048665966,1.5514374672585,4.04991205883561,0,1419.5,4.27800544502678,2.80798378023945,-1.95826223047463,3.42338485616083,34.8915665877818,35.6127413212738,4.59877144558502,3.01374106729608,2.08484576706414,0,1283.5,5.77427889995215,4.12919100548655,3.33710971573973,5.30909781551212,-38.9442834918193,24.2178189062041,3.40545173735333,4.49885383712672,1.39661912448182,0
875.5,1.34612539451931,1.45975021502532,0.086282769106407,1.46229798827433,-3.38269741870954,68.5048708818072,14.7620536339705,1.5375504220666,4.08649057423068,0,1428,4.26464156082243,2.79701654068126,-1.94741477234493,3.40818512179016,34.8474549327876,35.7523806332742,4.61321354797542,2.98644367004372,2.10390216638093,0,1292,5.75914922355132,4.12352794869025,3.33425338216873,5.3028981095372,-38.9587407241095,24.2510785046971,3.41440868197165,4.45754583866202,1.40956156921216,0
884,1.34713440511288,1.46029033070336,0.0861649259858183,1.46283021722135,-3.3768415537226,68.4795330746553,14.7507457406516,1.52390769809149,4.12307472102707,0,1436.5,4.25136342375675,2.7858389643944,-1.93633344519791,3.39268123267277,34.8017324233898,35.8958293275716,4.62765320230338,2.95952901062078,2.12303555215418,0,1300.5,5.74421759997025,4.11737256193144,3.33090811121349,5.29600846478682,-38.9724694624451,24.2873333651134,3.42329472047432,4.41693010378335,1.4225231460642,0
892.5,1.34813159136356,1.46085061682425,0.0860150257194015,1.46338071236616,-3.36969054883429,68.4532688341472,14.7395875681326,1.51051158696197,4.15964058893233,0,1445,4.23816976040182,2.77445921612993,-1.92502358693902,3.37688314163222,34.754359932572,36.0430600019737,4.64209090495717,2.93298945356527,2.14224613032341,0,1309,5.72947511602978,4.11073660470504,3.32710469893647,5.28845734699138,-38.9856514277598,24.3265403785644,3.43211372019536,4.37698633768509,1.4355048936485,0
901,1.34911709183786,1.46138599036597,0.0859160505820016,1.46390934848628,-3.36459183390874,68.428191223427,14.7285769219461,1.49735526286111,4.19618874893714,0,1453.5,4.22505819425867,2.7628829298106,-1.9134956780893,3.36080165941182,34.7053939241368,36.194077903567,4.65652839465519,2.9068167831157,2.16153468759214,0,1317.5,5.71490967667488,4.10361064618157,3.32283030947351,5.28022931329791,-38.9982453825701,24.3687836449714,3.44087157543572,4.33769235421244,1.4485087447656,0
909.5,1.35008334425602,1.46192170231532,0.0858168903725102,1.46443832317163,-3.35948879577958,68.4031161461142,14.717797472987,1.48442368802201,4.23274389776945,0,1462,4.21201767357156,2.75111144750425,-1.90174392315269,3.34443480215075,34.6547041859802,36.3489454746437,4.67097710651244,2.88099704074662,2.18090654669721,0,1326,5.7005183584049,4.09598967710877,3.31804808064949,5.2712972312784,-39.0099763649691,24.4141240293816,3.44956877063548,4.29903345279404,1.46153440678532,0
918,1.35104582225067,1.4624660426425,0.0857039467406987,1.46497511663828,-3.3538315458746,68.3776560167593,14.7070759881369,1.4717274752186,4.26925868612077,0,1470.5,4.19904718801692,2.73915217794163,-1.88977635104162,3.32779345976858,34.6022935564892,36.5076467110148,4.68543754039423,2.85552341925666,2.20036202988494,0,1334.5,5.6862797485813,4.08786014557631,3.31282361042901,5.26169182332138,-39.0214925608987,24.4626764220922,3.45821708246546,4.26098145266489,1.4745864015085,0
926.5,1.35198950184699,1.46300731301916,0.0855955515923359,1.46550912532128,-3.34836297481708,68.352358262402,14.6965792383449,1.45924393075768,4.30578135344183,0,1479,4.18613912607621,2.72700715001072,-1.87759441317839,3.31088036277487,34.5481237897708,36.6702375531384,4.69991764325002,2.83038480464923,2.21990497435498,0,1343,5.67218886389026,4.07921815629879,3.30708876508664,5.2513671426439,-39.0322465381816,24.51450159526,3.46681849205009,4.22352111979915,1.48766518006151,0
935,1.35292949519489,1.46354400572563,0.0854953383424592,1.46603905458679,-3.34322804096318,68.3272929333065,14.6861385492899,1.44698341732074,4.3422649022569,0,1487.5,4.17329575742465,2.71468621599114,-1.86521203088375,3.29371176204685,34.4922568771685,36.8366698924316,4.71441437740156,2.80557697978127,2.23953409671526,0,1351.5,5.65823568159338,4.07005790829905,3.30086080072618,5.24032951279576,-39.0424247095414,24.5696749906421,3.47537813727748,4.18663387465289,1.50077257656081,0
943.5,1.35385112929771,1.4640782713834,0.0853978930843016,1.46656673386526,-3.33821029554142,68.3023592075517,14.675916339226,1.43492435537648,4.37875716837427,0,1496,4.16051274409579,2.70219654996085,-1.85262024993524,3.27628875178767,34.4344529245715,37.0069305289612,4.7289321616403,2.78109140648114,2.25925163500094,0,1360,5.64441413496324,4.06036569859121,3.29411935474725,5.22855543430655,-39.0519489139691,24.6283235115241,3.48389882959584,4.15030451100239,1.51390947110579,0
952,1.35476196300089,1.46461109223294,0.0853024640965067,1.46709309925195,-3.3332780505121,68.2775110268629,14.6658280536439,1.42306928886648,4.41523498281967,0,1504.5,4.14777880468429,2.68953482709899,-1.83982681924904,3.25861324968251,34.3748127317575,37.1811508043802,4.74348348744043,2.75691512441627,2.2790637446664,0,1368.5,5.63071068989168,4.05013372143946,3.28687494377074,5.21604544243327,-39.0609624862132,24.6905428012532,3.49238808788937,4.11451274380101,1.52707883008649,0
960.5,1.35566923875991,1.46514148762208,0.0852145331823501,1.46761748947637,-3.32864707194517,68.2527939075014,14.6557931133343,1.41142034227997,4.45167546404347,0,1513,4.13509673809644,2.67671211962977,-1.82683927697614,3.24069892388596,34.3132919837631,37.3592659691141,4.75806491883923,2.73304477071807,2.29896903793814,0,1377,5.61711474027889,4.03935205060753,3.27910185927343,5.20277560464006,-39.0693146574336,24.756445773267,3.5008517638436,4.07924091523521,1.54028296875359,0
969,1.35655879428927,1.4656735322998,0.0851019917584849,1.46814210902264,-3.32305683454566,68.2280179018374,14.6459676454928,1.39995747604672,4.48812582859475,0,1521.5,4.12246355593292,2.66373322988423,-1.81366596299922,3.22255472340368,34.2499200897395,37.5412968829263,4.77267965102803,2.70947325398154,2.31896930443824,0,1385.5,5.60361709511117,4.02800336156819,3.27080451954233,5.18873522988629,-39.0771624877815,24.8261957659012,3.50929494621295,4.04447282216612,1.55352392844476,0
977.5,1.35743792533977,1.46619688268677,0.0850350618868092,1.46866070300478,-3.3192666470271,68.2036643105887,14.6362704037789,1.38868329958032,4.52456316647463,0,1530,4.10987142435155,2.65060098387422,-1.80029958981118,3.20417917551271,34.1845157023019,37.727293020859,4.7873366162488,2.68619047343238,2.33906916479791,0,1394,5.59021188924783,4.01606926891816,3.26194987851381,5.17388919312011,-39.0843496821046,24.8999689258193,3.51772073556027,4.01019504250203,1.56680292120141,0
986,1.35830675407327,1.46671848287644,0.084952864529711,1.46917667324361,-3.31488866929732,68.1794094555121,14.6266995547245,1.37759305686944,4.56098793170317,0,1538.5,4.09732111473275,2.63732375217347,-1.78674956968908,3.18558481264625,34.1170850336342,37.9172257170126,4.80203485795945,2.66319214477267,2.35926848894935,0,1402.5,5.576896121775,4.00355454548841,3.25255182944772,5.15824993597098,-39.0909602511335,24.9778038150347,3.52613048643441,3.9763965217647,1.58012041122879,0
994.5,1.35917218894452,1.46725801975657,0.0848413456411628,1.46970886588813,-3.30933220972932,68.1543386735696,14.6171786702012,1.36668897832531,4.59737760882417,0,1547,4.08480401490947,2.62390118675239,-1.77301655464143,3.16677203803386,34.0475916288703,38.1111912692758,4.81678448529289,2.64046801222331,2.37957259019739,0,1411,5.56364584094629,3.99042908361331,3.24258449659312,5.1417777556885,-39.0969797945006,25.0599616995199,3.53453891291615,3.94305162363309,1.59348289267142,0
1003,1.36002072079095,1.46775753669966,0.0847931307502434,1.47020476858195,-3.30633259246025,68.1311439387024,14.6078559046348,1.35595286220434,4.63377856437071,0,1555.5,4.07232401050479,2.6103445401002,-1.75911244227328,3.14775717020731,33.976049072084,38.3091191464563,4.83158099159164,2.61801607875589,2.39997964801096,0,1419.5,5.55046535980277,3.9766763885593,3.23203294357446,5.12445041420792,-39.1023922701903,25.1466275424611,3.54294295090503,3.91015523762083,1.60688896612776,0
1011.5,1.36085930890481,1.46827037602419,0.0847183210736323,1.47071244335382,-3.3022707376153,68.107347007015,14.5986542003413,1.34538735433001,4.67016825077008,0,1564,4.05987843579976,2.59666030530154,-1.74503585170986,3.12854516746705,33.9023187174249,38.5110057699239,4.84642759445514,2.59583020191801,2.42049164176342,0,1428,5.53733307039929,3.96227328522366,3.22087016335254,5.10623287717782,-39.1071230966549,25.2380370563852,3.55135612669849,3.87768422296869,1.62034475885437,0
1020,1.36169462128384,1.46878147445751,0.0846471126689068,1.47121859470058,-3.29835560385649,68.0836473900481,14.5895000893942,1.33499472674887,4.70652443885013,0,1572.5,4.04745625731671,2.58284548488553,-1.73078402880483,3.10913237948458,33.8263344607751,38.7169889121075,4.86133766244143,2.57389905075785,2.44111567053479,0,1436.5,5.52425296627524,3.94723532085895,3.20913361440821,5.08716082243928,-39.1113843256791,25.3341875696023,3.55977570845004,3.84563380875409,1.6338490921514,0
1028.5,1.36251361896798,1.46928396989153,0.0845812075998524,1.47171646890944,-3.29466853466215,68.0603627679831,14.5805360360688,1.3247580155255,4.74289284046128,0,1581,4.03506289003864,2.56891253513406,-1.71636933863721,3.08953642473799,33.7481012188006,38.9269773230258,4.87630496477782,2.55222194183342,2.4618491065342,0,1445,5.51121374144912,3.931487010389,3.19671705130444,5.06710864487412,-39.1147791832027,25.4356684215791,3.56820883187268,3.8139887484077,1.64740530758061,0
1037,1.3633294174424,1.46978956068141,0.0845175244114349,1.47221756701266,-3.29106337231438,68.0369507820148,14.5716180675684,1.31468603417782,4.77922876172405,0,1589.5,4.02269282083871,2.55486316997179,-1.70179538339369,3.06976112168657,33.6676000076783,39.1410394009884,4.89133643058818,2.53079133113476,2.48269591802431,0,1453.5,5.49820179903833,3.91503929564117,3.18366516379181,5.04611301513908,-39.1176146261194,25.5425277879932,3.57666426167981,3.78273257587776,1.66101757952625,0
1045.5,1.36413565577846,1.47028886687885,0.084456015336903,1.47271252136813,-3.28755912895814,68.0138456140808,14.5628154400976,1.30476868080197,4.81555497125947,0,1598,4.01034056985368,2.54070100780438,-1.68705388866854,3.0498053108895,33.5846052608911,39.3592160954106,4.90643911465763,2.50959985597853,2.50366021189051,0,1462,5.48520267398378,3.89787572498503,3.16995715441971,5.02414804004462,-39.119819606259,25.6549995575819,3.58515149745528,3.75184861421599,1.67469052012712,0
1054,1.36493244600901,1.47080546448853,0.0843662686297413,1.47322312690639,-3.28292231702706,67.9899568055892,14.554126529971,1.29500232069166,4.8518718513367,0,1606.5,3.99801153965298,2.52643684383841,-1.67216311848856,3.02968853526853,33.4992280637093,39.5814366956706,4.92160681087197,2.48864708350637,2.52473938503443,0,1470.5,5.47222179357012,3.8799329190771,3.1555236856181,5.00112079308579,-39.1212289674094,25.7736414741383,3.59366713789931,3.72133409967366,1.68842279109811,0
1062.5,1.36571989885405,1.47127656313692,0.0843398128060432,1.47369193838473,-3.2808465415037,67.968186611217,14.5455497395974,1.28538343421558,4.88817977572114,0,1615,3.98569485052255,2.51206738528163,-1.65711891522616,3.00940619514814,33.4113752119061,39.8078493379225,4.93685336926858,2.4679225080635,2.54594108471818,0,1479,5.45924037924308,3.8612180167569,3.14038455156239,4.97704929698509,-39.1219574973332,25.8985635014703,3.60222370782118,3.6911699656816,1.70222053321767,0
1071,1.36649812373607,1.47176421888278,0.084282711370991,1.47417552937894,-3.27754614859636,67.9456659680925,14.537083496982,1.27590861226524,4.92447910985136,0,1623.5,3.97339590271679,2.49760550696401,-1.64191823015752,2.98896783906093,33.3207971133012,40.0383486187761,4.95217263712656,2.44742587170729,2.56726276363031,0,1487.5,5.44624835917993,3.84169305152229,3.12450530540512,4.95188235983241,-39.1219636994475,26.0301899862548,3.61082818958433,3.66134343474281,1.71608739228281,0
1079.5,1.36727330867713,1.47225791375111,0.084215319307693,1.47466456681133,-3.27383534520645,67.9228816269114,14.5286602288013,1.26658018404552,4.96074815185471,0,1632,3.96110926586953,2.48305132209994,-1.62657341520993,2.96838086222944,33.2276212275921,40.2730298443565,4.96757191601573,2.42715028545927,2.58870880176695,0,1496,5.4332367557117,3.82137525486011,3.10787688035456,4.92562762923666,-39.1210282135124,26.1685894032044,3.61948696691779,3.63184275114418,1.73002680394137,0
1088,1.36803335328732,1.47272627624568,0.0841871880927291,1.47513055943649,-3.2717055832861,67.90128051149,14.5204110567268,1.25738359677143,4.99703139385055,0,1640.5,3.94883492765779,2.46841154549215,-1.61108320455096,2.94765070011783,33.1316868625895,40.5118831106674,4.98305182776263,2.40709230579566,2.61028016750803,0,1504.5,5.420200540937,3.80007935131705,3.09040175983533,4.89807983943704,-39.1196176820208,26.3152399608028,3.62820389597471,3.60265905014091,1.74404105959842,0
1096.5,1.36879042897325,1.47320212403636,0.0841411319459019,1.47560300499504,-3.26886572064923,67.8793482363535,14.512203520651,1.24832688460853,5.03328525937338,0,1649,3.93656748177463,2.45368592536128,-1.59545147479015,2.92677980530243,33.0329873891103,40.7550122721089,4.99861986733664,2.38724528912955,2.63198144563963,0,1513,5.40712222632578,3.77791931339428,3.07211708332666,4.86935085121055,-39.1172158674914,26.4695965436474,3.63699129676493,3.5737754304863,1.75813657835926,0
1105,1.36953863267848,1.47367319501047,0.084098436352393,1.47607087658055,-3.26616847238009,67.8576500804777,14.5041013804408,1.23940147753709,5.06953188378103,0,1657.5,3.92430692434985,2.43888146102851,-1.57966134807875,2.9057654336788,32.9310942651821,41.002402780916,5.01427678815525,2.36760598754139,2.65381374276059,0,1521.5,5.39399377567044,3.75480119450764,3.0529582090857,4.839327002456,-39.1139112425324,26.6325684955773,3.64585532839289,3.54518158111761,1.77231692183136,0
1113.5,1.37027806837155,1.47413803961844,0.0840611542611651,1.47653284335494,-3.26369641405963,67.8362523131712,14.4961031708953,1.23060446194122,5.10577159558496,0,1666,3.91204786357515,2.42399498949693,-1.56373488141533,2.88461756364015,32.8263244078788,41.2542106866127,5.03003029780756,2.34816798533922,2.67578186331158,0,1530,5.38080532596188,3.73071682680314,3.03293084606252,4.80800556975442,-39.1097984122085,26.8045002187127,3.65480350973482,3.51686622611888,1.78658638207958,0
1122,1.37101461564393,1.47460371832327,0.084018021402377,1.47699531279323,-3.260997465316,67.8148296775673,14.4881450677996,1.22193816011046,5.14198304979003,0,1674.5,3.89979568655039,2.40903942510608,-1.54766308356309,2.86334279679179,32.7183080539193,41.5103210673261,5.04587430536041,2.32893143418954,2.69788333608288,0,1538.5,5.36754984107456,3.70556273008825,3.01192096952923,4.77523434747542,-39.1045795977216,26.9864544966476,3.66384157259366,3.48882017619406,1.80094845531245,0
1130.5,1.37173677722741,1.47505962857536,0.0839867980143919,1.47744870980132,-3.25878284275486,67.7938695241644,14.4803509706425,1.21338945354039,5.17820992167578,0,1683,3.88754500515272,2.39401130773526,-1.531449959531,2.84194108315281,32.6070630854751,41.7708971034895,5.0618166205018,2.30989008030464,2.72012307457977,0,1547,5.35420384334422,3.67935314606501,2.98997137147997,4.74105139981928,-39.0985198712425,27.1786903920728,3.67298665401269,3.46102381599497,1.8154123291906,0
1139,1.37245611786719,1.47551387305976,0.0839523079753363,1.47790026037151,-3.25644680936106,67.7729988350643,14.4725957451778,1.20496586292115,5.21440938745558,0,1691.5,3.87529581919955,2.37891346859609,-1.51508475725661,2.82040974199481,32.4922854717805,42.0359972399562,5.07785816217584,2.29104098090425,2.74250236444905,0,1555.5,5.34075876086126,3.65200080487843,2.96698585139475,4.70532835423941,-39.0913563497965,27.3822502630387,3.6822459422244,3.43346754153729,1.82998243937567,0
1147.5,1.37316702873386,1.47596165316221,0.0839277600824745,1.4783459238344,-3.25451112794334,67.7524377315307,14.4649396499915,1.19665972002951,5.25060315978936,0,1700,3.86304812850833,2.36374922718329,-1.4985734667128,2.79875558849737,32.3739444962759,42.3056722134449,5.09399986083163,2.27238125206372,2.76502250732501,0,1564,5.3272051844252,3.62345206227618,2.94291366906579,4.66799161430136,-39.0829882793061,27.5979917165461,3.69162735109996,3.40614142226675,1.84466366138086,0
1156,1.37387516260495,1.47642124032507,0.0838708227870736,1.47880153969287,-3.25129776051513,67.7313474425377,14.4573216002943,1.18847332405273,5.28677016136445,0,NaN,NaN,NaN,NaN,NaN,NaN,NaN,NaN,NaN,NaN,NaN,1572.5,5.31353144810643,3.59368914999297,2.91775288233852,4.62902620312004,-39.0734977222227,27.8265581206977,3.70114053040737,3.3790343072219,1.85946182722997,0
1164.5,1.37457499803224,1.4768491973004,0.0838744847635237,1.47922901565686,-3.25049924260967,67.7117204537841,14.4498007924729,1.18039931132009,5.32293203403587,0,NaN,NaN,NaN,NaN,NaN,NaN,NaN,NaN,NaN,NaN,NaN,1581,5.29970975994081,3.56260106258312,2.89140262284429,4.58828240832114,-39.0627414908986,28.069379153975,3.71080663773139,3.35212508535156,1.87438867798713,0
1173,1.37526663226312,1.47728688053783,0.083845216666583,1.47966433618137,-3.24840676362357,67.6916591607402,14.4423758889063,1.17243532162244,5.35908906129235,0,NaN,NaN,NaN,NaN,NaN,NaN,NaN,NaN,NaN,NaN,NaN,1589.5,5.28573164364932,3.53016326719553,2.86383752699694,4.54572525281639,-39.0506194707087,28.327301722632,3.72063366380126,3.32540524922889,1.88944950653354,0
1181.5,1.37595016140535,1.47773711226987,0.083773447889158,1.48010978091185,-3.24464542545513,67.6710351047459,14.4350455727209,1.16457906170576,5.39524152012196,0,NaN,NaN,NaN,NaN,NaN,NaN,NaN,NaN,NaN,NaN,NaN,1598,5.27159246791126,3.49627810215153,2.83497444609626,4.50122657479082,-39.0370391295214,28.6018437544949,3.73062705051095,3.29886887854271,1.90464839268034,0
1190,1.37662568044045,1.47814324276696,0.0838093048069939,1.48051728990575,-3.2451412733967,67.6524420006876,14.4278085474119,1.15682830289114,5.43138968114516,0,NaN,NaN,NaN,NaN,NaN,NaN,NaN,NaN,NaN,NaN,NaN,1606.5,5.25725474556325,3.46091089322824,2.80478889549161,4.45474409580831,-39.0219751415639,28.8941273222792,3.74081577556838,3.27248972646327,1.92000153778026,0
1198.5,1.37729856072932,1.47856413823421,0.083794757500272,1.48093668745724,-3.24365755173057,67.6331837179723,14.42060708268,1.14918528221053,5.46751285840825,0,NaN,NaN,NaN,NaN,NaN,NaN,NaN,NaN,NaN,NaN,NaN,1615,5.24270282230537,3.42394153604503,2.77316836410806,4.40611375453973,-39.0052062679406,29.2061061636903,3.75121382223204,3.24625561752654,1.93551773103038,0
1207,1.3779635557023,1.47898253448202,0.0837815593224126,1.48135366708472,-3.24223223528326,67.6140506520741,14.4134971484676,1.14164337672105,5.50363225092738,0,NaN,NaN,NaN,NaN,NaN,NaN,NaN,NaN,NaN,NaN,NaN,1623.5,5.22793230309486,3.38531361303185,2.74006748986956,4.35526326501841,-38.9866536804061,29.5393607301396,3.76182739045491,3.22016156642739,1.95120188151009,0
1215.5,1.37862595303867,1.47939726807946,0.083768830443496,1.48176701736637,-3.24083384487617,67.5950957580306,14.406422031498,1.13420481533416,5.5397272364149,0,NaN,NaN,NaN,NaN,NaN,NaN,NaN,NaN,NaN,NaN,NaN,1632,5.21290100296715,3.34493228033651,2.70539918512904,4.30206423835513,-38.9661179502612,29.8959714634162,3.7726902287758,3.19417953613183,1.96707330821753,0
1224,1.37928058790626,1.47980472891457,0.083759413242378,1.48217329453227,-3.23957993495248,67.576483603583,14.3994367228675,1.12686322541361,5.57581893301504,0,NaN,NaN,NaN,NaN,NaN,NaN,NaN,NaN,NaN,NaN,NaN,1640.5,5.19759876893263,3.30273433198954,2.66910647589663,4.24643184890276,-38.9434286195296,30.2779424404266,3.7838135456222,3.16830159642342,1.9831398987623,0
1232.5,1.37992755127148,1.48020839716749,0.0837549174159144,1.48257606389571,-3.2385248800482,67.558054792392,14.3925399994225,1.11961667445962,5.61190758454195,0,NaN,NaN,NaN,NaN,NaN,NaN,NaN,NaN,NaN,NaN,NaN,1649,5.1819882533284,3.25858323386047,2.63108273881304,4.18819305554036,-38.918498837682,30.6881834291921,3.79522879540216,3.14250348898023,1.99942031224873,0
1241,1.38056693303478,1.48060488613385,0.0837557097941453,1.48297196459224,-3.23769005081392,67.5399635220165,14.3857306566881,1.11246328205864,5.64799342909761,0,NaN,NaN,NaN,NaN,NaN,NaN,NaN,NaN,NaN,NaN,NaN,1657.5,5.16605322129227,3.21242295032757,2.59126102520901,4.12726239928582,-38.8909515428154,31.1291512812168,3.80695266028248,3.1167741908249,2.01592573683262,0
1249.5,1.38120131962804,1.48103888627547,0.0837593527286256,1.4834054778885,-3.2368837853362,67.5201717704259,14.3789809474326,1.10540321698923,5.68406642084234,0,NaN,NaN,NaN,NaN,NaN,NaN,NaN,NaN,NaN,NaN,NaN,1666,5.14975469393467,3.16412189651281,2.54953629827863,4.06347175605198,-38.8606251095864,31.6043449875336,3.81901918234365,3.09108925206163,2.03267676693223,0
1258,1.38183075007605,1.48138751261833,0.0837585407102142,1.48375350233232,-3.23609233730582,67.5042817279129,14.3722902964939,1.09843461850243,5.72012680713387,0,NaN,NaN,NaN,NaN,NaN,NaN,NaN,NaN,NaN,NaN,NaN,1674.5,5.13306420012979,3.1135992467263,2.50582943577338,3.9967088248211,-38.8271641913816,32.1171711822394,3.83145548579479,3.06543099440417,2.04969066948475,0
1266.5,1.38245526309868,1.48177608101538,0.0837518778702912,1.48414107527421,-3.23498872346349,67.4865799773712,14.3656581351331,1.09155567556153,5.75617483180351,0,NaN,NaN,NaN,NaN,NaN,NaN,NaN,NaN,NaN,NaN,NaN,1683,5.11594070056342,3.06072046456651,2.46002595509383,3.92679735432726,-38.7902607162328,32.6720460616004,3.84429894789772,3.03977462897411,2.06699050886549,0
1275,1.38307489711333,1.48214033077764,0.0837574657084283,1.4845050600047,-3.23441070688094,67.4699945230778,14.3590839009484,1.08476462518692,5.79221073520617,0,NaN,NaN,NaN,NaN,NaN,NaN,NaN,NaN,NaN,NaN,NaN,1691.5,5.09835222111427,3.00541672973171,2.4120618671164,3.8536440118605,-38.7495353407932,33.2732559217926,3.85758118997916,3.01410122442463,2.0845966473402,0
1283.5,1.38368969023723,1.48253245506951,0.0837667595408421,1.48489708408981,-3.23391507094028,67.452148961765,14.3525670377907,1.07805975086656,5.82823475426948,0,NaN,NaN,NaN,NaN,NaN,NaN,NaN,NaN,NaN,NaN,NaN,1700,5.08024210992364,2.94750750519295,2.36177695614236,3.77700819217192,-38.7044770070847,33.9269704398781,3.87135367214183,2.98837771171979,2.10254054651065,0
1292,1.38429968028985,1.48290512480262,0.0837707995852805,1.48526938837001,-3.2332596789988,67.4351975237191,14.34610699568,1.0714393810293,5.86424712254232,0,NaN,NaN,NaN,NaN,NaN,NaN,NaN,NaN,NaN,NaN,NaN,NaN,NaN,NaN,NaN,NaN,NaN,NaN,NaN,NaN,NaN,NaN
1300.5,1.38490490479519,1.48327265843469,0.0837834588867118,1.48563705097946,-3.23294767068705,67.4184880516376,14.3397032307234,1.064901887578,5.9002480702424,0,NaN,NaN,NaN,NaN,NaN,NaN,NaN,NaN,NaN,NaN,NaN,NaN,NaN,NaN,NaN,NaN,NaN,NaN,NaN,NaN,NaN,NaN
1309,1.38550540098408,1.48363569614289,0.0837989248408764,1.48600038313383,-3.23275363601873,67.4019911087183,14.3333552050344,1.05844568447982,5.93623782430321,0,NaN,NaN,NaN,NaN,NaN,NaN,NaN,NaN,NaN,NaN,NaN,NaN,NaN,NaN,NaN,NaN,NaN,NaN,NaN,NaN,NaN,NaN
1317.5,1.38609182304354,1.48398681040746,0.0838218705550113,1.48635223263083,-3.23287348427522,67.3860436620343,14.3271614428612,1.05206210477688,5.97225703563585,0,NaN,NaN,NaN,NaN,NaN,NaN,NaN,NaN,NaN,NaN,NaN,NaN,NaN,NaN,NaN,NaN,NaN,NaN,NaN,NaN,NaN,NaN
1326,1.38668282652534,1.48434572718618,0.0838307166548092,1.48671107713326,-3.23243380276912,67.3697496267035,14.3209247648898,1.04576382090901,6.00822593166215,0,NaN,NaN,NaN,NaN,NaN,NaN,NaN,NaN,NaN,NaN,NaN,NaN,NaN,NaN,NaN,NaN,NaN,NaN,NaN,NaN,NaN,NaN
1334.5,1.38725997836304,1.48469192237809,0.0838610795713032,1.48705843363387,-3.23284968397786,67.3540405876432,14.3148395546713,1.03953539030576,6.0442245312413,0,NaN,NaN,NaN,NaN,NaN,NaN,NaN,NaN,NaN,NaN,NaN,NaN,NaN,NaN,NaN,NaN,NaN,NaN,NaN,NaN,NaN,NaN
1343,1.38784163919947,1.48503869711442,0.0838708672661542,1.4874052085102,-3.23247280303011,67.3383125936787,14.3087120910797,1.03338915800407,6.08017343564469,0,NaN,NaN,NaN,NaN,NaN,NaN,NaN,NaN,NaN,NaN,NaN,NaN,NaN,NaN,NaN,NaN,NaN,NaN,NaN,NaN,NaN,NaN
1351.5,1.38840966736004,1.48536923761176,0.0839125912829448,1.48773757599221,-3.23335932367257,67.3233277409085,14.3027333560207,1.02731014972996,6.11615227283716,0,NaN,NaN,NaN,NaN,NaN,NaN,NaN,NaN,NaN,NaN,NaN,NaN,NaN,NaN,NaN,NaN,NaN,NaN,NaN,NaN,NaN,NaN
1360,1.38898213324062,1.48571363954794,0.0839204365041114,1.4880818722106,-3.23291297609236,67.3077215811435,14.2967130203104,1.02131039208869,6.15208202702194,0,NaN,NaN,NaN,NaN,NaN,NaN,NaN,NaN,NaN,NaN,NaN,NaN,NaN,NaN,NaN,NaN,NaN,NaN,NaN,NaN,NaN,NaN
1368.5,1.38954118195213,1.48603871511626,0.0839596993375192,1.48840864480734,-3.23371627096975,67.2929978087256,14.2908387291153,1.01537536130956,6.18804192675702,0,NaN,NaN,NaN,NaN,NaN,NaN,NaN,NaN,NaN,NaN,NaN,NaN,NaN,NaN,NaN,NaN,NaN,NaN,NaN,NaN,NaN,NaN
1377,1.39010459823169,1.48639566835344,0.0838913543417717,1.48876117703048,-3.23031524360167,67.2768376072942,14.2849234804027,1.00951677431495,6.22395334782158,0,NaN,NaN,NaN,NaN,NaN,NaN,NaN,NaN,NaN,NaN,NaN,NaN,NaN,NaN,NaN,NaN,NaN,NaN,NaN,NaN,NaN,NaN
1385.5,1.3906548094422,1.48669091969543,0.0840123157833538,1.48906277903523,-3.23432200435654,67.2634766750888,14.2791516460903,1.00372054091822,6.2598951112743,0,NaN,NaN,NaN,NaN,NaN,NaN,NaN,NaN,NaN,NaN,NaN,NaN,NaN,NaN,NaN,NaN,NaN,NaN,NaN,NaN,NaN,NaN
1394,1.39120072212763,1.48700453897021,0.0840489498093526,1.48937796575687,-3.23504836438379,67.2492903547237,14.2734295623966,0.99799190970418,6.29582789808589,0,NaN,NaN,NaN,NaN,NaN,NaN,NaN,NaN,NaN,NaN,NaN,NaN,NaN,NaN,NaN,NaN,NaN,NaN,NaN,NaN,NaN,NaN
1402.5,1.39175089975591,1.4873237332239,0.0840769338367606,1.48969823058714,-3.23543015399603,67.2348579977554,14.2676674635389,0.992335757401718,6.33171309238232,0,NaN,NaN,NaN,NaN,NaN,NaN,NaN,NaN,NaN,NaN,NaN,NaN,NaN,NaN,NaN,NaN,NaN,NaN,NaN,NaN,NaN,NaN
1411,1.39228818259603,1.48763137789427,0.0841176829289251,1.49000768490533,-3.23632692494069,67.2209537160671,14.2620449509864,0.986738612754096,6.36762889985882,0,NaN,NaN,NaN,NaN,NaN,NaN,NaN,NaN,NaN,NaN,NaN,NaN,NaN,NaN,NaN,NaN,NaN,NaN,NaN,NaN,NaN,NaN
1419.5,1.39282126791396,1.48793541048509,0.0841580045373212,1.49031350913261,-3.23721475678481,67.2072183344292,14.2564707898438,0.981205542736147,6.40353629644057,0,NaN,NaN,NaN,NaN,NaN,NaN,NaN,NaN,NaN,NaN,NaN,NaN,NaN,NaN,NaN,NaN,NaN,NaN,NaN,NaN,NaN,NaN
1428,1.39335851796094,1.48823864368164,0.0841947864864282,1.49061833566439,-3.23796812118442,67.1935246571864,14.250857535165,0.975741259076287,6.43939696997925,0,NaN,NaN,NaN,NaN,NaN,NaN,NaN,NaN,NaN,NaN,NaN,NaN,NaN,NaN,NaN,NaN,NaN,NaN,NaN,NaN,NaN,NaN
1436.5,1.39388317620994,1.48853673785576,0.0842379630021074,1.4909183929233,-3.23897768485465,67.1800684906511,14.2453801519311,0.970332875885791,6.47528849462493,0,NaN,NaN,NaN,NaN,NaN,NaN,NaN,NaN,NaN,NaN,NaN,NaN,NaN,NaN,NaN,NaN,NaN,NaN,NaN,NaN,NaN,NaN
1445,1.39440373556637,1.48882481634937,0.0842859958262161,1.491208725454,-3.24019488461488,67.1670695583932,14.2399497656518,0.964985284128976,6.51117214999913,0,NaN,NaN,NaN,NaN,NaN,NaN,NaN,NaN,NaN,NaN,NaN,NaN,NaN,NaN,NaN,NaN,NaN,NaN,NaN,NaN,NaN,NaN
1453.5,1.39492022805283,1.48911191597471,0.084332019021069,1.49149796772575,-3.241336660453,67.1541197993465,14.2345659388821,0.959697439320832,6.54704811094019,0,NaN,NaN,NaN,NaN,NaN,NaN,NaN,NaN,NaN,NaN,NaN,NaN,NaN,NaN,NaN,NaN,NaN,NaN,NaN,NaN,NaN,NaN
1462,1.39543268544174,1.48939358573127,0.084390419929591,1.49178248957191,-3.24296442654356,67.1414198087211,14.2292282388083,0.95446832109558,6.5829165497787,0,NaN,NaN,NaN,NaN,NaN,NaN,NaN,NaN,NaN,NaN,NaN,NaN,NaN,NaN,NaN,NaN,NaN,NaN,NaN,NaN,NaN,NaN
1470.5,1.395949146404,1.48967827780602,0.0844278200468213,1.49206884163063,-3.24377986072603,67.1285884273474,14.2238529304051,0.94930237769738,6.61873967114675,0,NaN,NaN,NaN,NaN,NaN,NaN,NaN,NaN,NaN,NaN,NaN,NaN,NaN,NaN,NaN,NaN,NaN,NaN,NaN,NaN,NaN,NaN
1479,1.39645350281245,1.48995242692517,0.0844804519353392,1.49234553011674,-3.24520174936587,67.116236862925,14.2186075663193,0.944187628676439,6.65459397724513,0,NaN,NaN,NaN,NaN,NaN,NaN,NaN,NaN,NaN,NaN,NaN,NaN,NaN,NaN,NaN,NaN,NaN,NaN,NaN,NaN,NaN,NaN
1487.5,1.39695391893647,1.49022261323708,0.0845392765240249,1.49261861380541,-3.24686905778172,67.1040682859982,14.2134070450669,0.939128684999306,6.69044126490953,0,NaN,NaN,NaN,NaN,NaN,NaN,NaN,NaN,NaN,NaN,NaN,NaN,NaN,NaN,NaN,NaN,NaN,NaN,NaN,NaN,NaN,NaN
1496,1.39745042555951,1.49048956327473,0.0845956491061157,1.49288832873681,-3.24844883990028,67.0920497962372,14.2082509519196,0.934124616015719,6.72628169673869,0,NaN,NaN,NaN,NaN,NaN,NaN,NaN,NaN,NaN,NaN,NaN,NaN,NaN,NaN,NaN,NaN,NaN,NaN,NaN,NaN,NaN,NaN
1504.5,1.39794305322457,1.49075214955263,0.084654709279838,1.49315384043274,-3.25014050770814,67.0802319688152,14.2031388764969,0.929174511947204,6.76211543299048,0,NaN,NaN,NaN,NaN,NaN,NaN,NaN,NaN,NaN,NaN,NaN,NaN,NaN,NaN,NaN,NaN,NaN,NaN,NaN,NaN,NaN,NaN
1513,1.39843183223599,1.49101130130431,0.0847139644415477,1.49341593549439,-3.25184651726118,67.0685727952041,14.1980704127121,0.924277483302042,6.79794263161372,0,NaN,NaN,NaN,NaN,NaN,NaN,NaN,NaN,NaN,NaN,NaN,NaN,NaN,NaN,NaN,NaN,NaN,NaN,NaN,NaN,NaN,NaN
1521.5,1.39891679266138,1.49126661107928,0.0847764224841748,1.49367437787796,-3.25368295339841,67.0570904337665,14.1930451587194,0.919432660309815,6.83376344827949,0,NaN,NaN,NaN,NaN,NaN,NaN,NaN,NaN,NaN,NaN,NaN,NaN,NaN,NaN,NaN,NaN,NaN,NaN,NaN,NaN,NaN,NaN
1530,1.3994055418401,1.49152868118512,0.0848214485124028,1.49393858137662,-3.25483655369827,67.0453081200846,14.1879842814898,0.91464414499353,6.86954083899376,0,NaN,NaN,NaN,NaN,NaN,NaN,NaN,NaN,NaN,NaN,NaN,NaN,NaN,NaN,NaN,NaN,NaN,NaN,NaN,NaN,NaN,NaN
1538.5,1.39988283595994,1.49176734278389,0.0849027512651716,1.49418147564775,-3.25742954759145,67.0345818225135,14.1830455381276,0.909901095846567,6.90534975269345,0,NaN,NaN,NaN,NaN,NaN,NaN,NaN,NaN,NaN,NaN,NaN,NaN,NaN,NaN,NaN,NaN,NaN,NaN,NaN,NaN,NaN,NaN
1547,1.40035640121947,1.49201201086468,0.0849686890944529,1.49442949605891,-3.25942047159813,67.0235891345446,14.1781488121854,0.905207757737216,6.94115273921858,0,NaN,NaN,NaN,NaN,NaN,NaN,NaN,NaN,NaN,NaN,NaN,NaN,NaN,NaN,NaN,NaN,NaN,NaN,NaN,NaN,NaN,NaN
1555.5,1.40082626675041,1.49225106507524,0.0850390409437615,1.49467216462434,-3.2615919079481,67.0128521536408,14.1732937183874,0.900563334458639,6.97694994539904,0,NaN,NaN,NaN,NaN,NaN,NaN,NaN,NaN,NaN,NaN,NaN,NaN,NaN,NaN,NaN,NaN,NaN,NaN,NaN,NaN,NaN,NaN
1564,1.40129246145689,1.49248657402693,0.0851109686603833,1.49491138554663,-3.26383067594323,67.0022777693649,14.168479875443,0.895967046967323,7.0127415159374,0,NaN,NaN,NaN,NaN,NaN,NaN,NaN,NaN,NaN,NaN,NaN,NaN,NaN,NaN,NaN,NaN,NaN,NaN,NaN,NaN,NaN,NaN
1572.5,1.40175501401723,1.49272113352813,0.0851778683325389,1.49514937438879,-3.26587843316943,66.9917493320702,14.1637069059988,0.891418132920336,7.04852759343756,0,NaN,NaN,NaN,NaN,NaN,NaN,NaN,NaN,NaN,NaN,NaN,NaN,NaN,NaN,NaN,NaN,NaN,NaN,NaN,NaN,NaN,NaN
1581,1.40221395288569,1.49294690995714,0.0852591245737398,1.49537941482209,-3.26849390277164,66.9816182565197,14.1589744365903,0.886915846227506,7.08430831843302,0,NaN,NaN,NaN,NaN,NaN,NaN,NaN,NaN,NaN,NaN,NaN,NaN,NaN,NaN,NaN,NaN,NaN,NaN,NaN,NaN,NaN,NaN
1589.5,1.40266930629424,1.49317297800387,0.0853375229139557,1.49560958644228,-3.27099862448287,66.9714771651464,14.1542820975952,0.882459456617952,7.12008382941472,0,NaN,NaN,NaN,NaN,NaN,NaN,NaN,NaN,NaN,NaN,NaN,NaN,NaN,NaN,NaN,NaN,NaN,NaN,NaN,NaN,NaN,NaN
1598,1.40312821715129,1.49340057716015,0.0853935576841105,1.49584001268726,-3.27264402310278,66.9612704919133,14.1495562790233,0.87805270159655,7.15581797738901,0,NaN,NaN,NaN,NaN,NaN,NaN,NaN,NaN,NaN,NaN,NaN,NaN,NaN,NaN,NaN,NaN,NaN,NaN,NaN,NaN,NaN,NaN
1606.5,1.40357637228513,1.49361401617843,0.085487643124241,1.49605847694921,-3.27577476786469,66.9517016557333,14.1449442990667,0.873685883775367,7.19158386768104,0,NaN,NaN,NaN,NaN,NaN,NaN,NaN,NaN,NaN,NaN,NaN,NaN,NaN,NaN,NaN,NaN,NaN,NaN,NaN,NaN,NaN,NaN
1615,1.40402102620698,1.49382764546374,0.0855699174719927,1.49627646012624,-3.27845264888355,66.9421270276173,14.1403713523984,0.869362864524449,7.22734494832208,0,NaN,NaN,NaN,NaN,NaN,NaN,NaN,NaN,NaN,NaN,NaN,NaN,NaN,NaN,NaN,NaN,NaN,NaN,NaN,NaN,NaN,NaN
1623.5,1.40446220627008,1.49403766668426,0.0856539881157384,1.49649094723338,-3.28120631789939,66.9327167781062,14.135837084417,0.865082972756438,7.26310134987318,0,NaN,NaN,NaN,NaN,NaN,NaN,NaN,NaN,NaN,NaN,NaN,NaN,NaN,NaN,NaN,NaN,NaN,NaN,NaN,NaN,NaN,NaN
1632,1.40489993961393,1.49424457607368,0.0857392434865893,1.49670239894218,-3.28401130016833,66.923448544657,14.1313411441361,0.860845551234024,7.29885320098667,0,NaN,NaN,NaN,NaN,NaN,NaN,NaN,NaN,NaN,NaN,NaN,NaN,NaN,NaN,NaN,NaN,NaN,NaN,NaN,NaN,NaN,NaN
1640.5,1.40534109274953,1.49445202588371,0.0858179526637797,1.49691401846175,-3.28656415450996,66.9141586802477,14.1268130027828,0.85665412541879,7.33456493203478,0,NaN,NaN,NaN,NaN,NaN,NaN,NaN,NaN,NaN,NaN,NaN,NaN,NaN,NaN,NaN,NaN,NaN,NaN,NaN,NaN,NaN,NaN
1649,1.40577190635851,1.49465075750848,0.0859104175736067,1.49711772642246,-3.28966100484655,66.9052616456675,14.122393819455,0.852499639999095,7.37030845806135,0,NaN,NaN,NaN,NaN,NaN,NaN,NaN,NaN,NaN,NaN,NaN,NaN,NaN,NaN,NaN,NaN,NaN,NaN,NaN,NaN,NaN,NaN
1657.5,1.40619935423617,1.49484698390751,0.0859997069808932,1.49731875527496,-3.2926412068887,66.8964790888506,14.1180119218103,0.848385734079138,7.40604780913665,0,NaN,NaN,NaN,NaN,NaN,NaN,NaN,NaN,NaN,NaN,NaN,NaN,NaN,NaN,NaN,NaN,NaN,NaN,NaN,NaN,NaN,NaN
1666,1.40662346267729,1.49503804825292,0.0860981202388504,1.49751515919959,-3.29598046918625,66.887929786709,14.1136669730015,0.844311802327304,7.441783106502,0,NaN,NaN,NaN,NaN,NaN,NaN,NaN,NaN,NaN,NaN,NaN,NaN,NaN,NaN,NaN,NaN,NaN,NaN,NaN,NaN,NaN,NaN
1674.5,1.4070508844656,1.49523325914615,0.0861848673915628,1.497715036522,-3.29886417377999,66.8791972010475,14.1092908130758,0.840281208997076,7.47747925325967,0,NaN,NaN,NaN,NaN,NaN,NaN,NaN,NaN,NaN,NaN,NaN,NaN,NaN,NaN,NaN,NaN,NaN,NaN,NaN,NaN,NaN,NaN
1683,1.40746828855575,1.49541846496563,0.0862804246863815,1.49790543661615,-3.30210558400781,66.87091429107,14.1050198656113,0.836285376444298,7.51320719476683,0,NaN,NaN,NaN,NaN,NaN,NaN,NaN,NaN,NaN,NaN,NaN,NaN,NaN,NaN,NaN,NaN,NaN,NaN,NaN,NaN,NaN,NaN
1691.5,1.40788243167645,1.49560014989994,0.0863837777974748,1.49809277598127,-3.30565159570482,66.8627908379727,14.1007848667862,0.832327775156045,7.54893143629817,0,NaN,NaN,NaN,NaN,NaN,NaN,NaN,NaN,NaN,NaN,NaN,NaN,NaN,NaN,NaN,NaN,NaN,NaN,NaN,NaN,NaN,NaN
1700,1.40829981029028,1.49578364889975,0.0864749153602902,1.49828122704064,-3.3087263602756,66.854588277895,14.0965193815801,0.828411653111928,7.58461724141229,0,NaN,NaN,NaN,NaN,NaN,NaN,NaN,NaN,NaN,NaN,NaN,NaN,NaN,NaN,NaN,NaN,NaN,NaN,NaN,NaN,NaN,NaN
