A0 f (kHz),A0 Phase velocity (m/ms),A0 Energy velocity (m/ms),A0 Propagation time (micsec),A0 Coincidence angle (deg),A0 Wavelength (mm),A0 Wavenumber (rad/mm),A0 Attenuation (Np/m),A1 f (kHz),A1 Phase velocity (m/ms),A1 Energy velocity (m/ms),A1 Propagation time (micsec),A1 Coincidence angle (deg),A1 Wavelength (mm),A1 Wavenumber (rad/mm),A1 Attenuation (Np/m)
0.001,0.003418199634552,0.280562550832969,356.426756540057,90,3418.199634552,0.00183815633342992,0,662.07666015625,20.0705481201139,1.67995668003411,59.525344426125,0.979216361800748,30.3145380708289,0.207266404406333,0
8.5,0.310159731960297,0.601197651945065,166.334648308203,90,36.4893802306231,0.172192162965446,0,662.375325520833,19.9705481201139,1.68810168807849,59.2381375519069,0.984120145228746,30.1498974232031,0.20839823164188,0
17,0.431736704421555,0.812177844744441,123.125742283041,52.6048180844295,25.3962767306797,0.247405766357446,0,662.687662760417,19.8705481201139,1.69634026503768,58.9504370444092,0.98907329327971,29.9847865544129,0.209545774013685,0
25.5,0.52051575566923,0.951577993255563,105.088600943657,41.2207418509918,20.4123825752639,0.307812441003024,0,663,19.7705481201139,1.7046487109291,58.6631130266692,0.994076555165914,29.8198312520571,0.210704924990015,0
34,0.591734923975925,1.05263149905261,95.0000072105027,35.4260304268683,17.4039683522331,0.361020267333076,0,671.5,17.562716383579,1.91085894659049,52.3324864864715,1.11905820652402,26.1544547782263,0.240233847750111,0
42.5,0.651426102313091,1.12900588871249,88.5734972685036,31.7717767068172,15.3276729956021,0.409924279372503,0,680,16.0060168183784,2.08800408176545,47.8926266827255,1.22791054409462,23.538260027027,0.266934994343895,0
51,0.702745979074071,1.18807268870907,84.169934171837,29.2148130854085,13.779332923021,0.455986174532609,0,688.5,14.835919888615,2.2434615554935,44.5739753173541,1.32477147992199,21.5481770350255,0.291587789397061,0
59.5,0.747628161943877,1.23431544471462,81.0165670600682,27.3086829599116,12.5651791923341,0.500047409671079,0,697,13.9171484708176,2.38189459161103,41.9833859786228,1.41224637365312,19.9672144488057,0.314675105197531,0
68,0.787332210892195,1.27098187410845,78.6793281927379,25.8265583030633,11.5784148660617,0.54266368754817,0,705.5,13.1723839617788,2.50649223568383,39.8963932847443,1.49211213303116,18.6709907325,0.336521258951869,0
76.5,0.822782687335842,1.30006428413946,76.9192733159286,24.6376387967215,10.7553292462202,0.584192744205181,0,714,12.5538894415142,2.61954603814088,38.1745533554245,1.56564213737958,17.5824782094036,0.357354932128917,0
85,0.85465706667608,1.323217903649,75.573342625,23.6613846554683,10.0547890197186,0.624894793402183,0,722.5,12.0303459954854,2.72278153357825,36.7271478694734,1.63379473068912,16.6509979176268,0.377345870695724,0
93.5,0.883464431915374,1.34165997403623,74.5345332909958,22.845296540594,9.44881745364036,0.664970546632675,0,731,11.5802955569176,2.81753060202691,35.4920723587034,1.69730789105711,15.8417175881225,0.396622731861503,0
102,0.909631766703813,1.35632393648127,73.7286995460919,22.1526596079431,8.9179584970962,0.704554221599649,0,739.5,11.1884601280848,2.90485188100195,34.4251631740713,1.75676829214363,15.1297635268219,0.415286418458611,0
110.5,0.93349684239206,1.36794770058823,73.102209943406,21.5575525924636,8.44793522526751,0.74375396349948,0,748,10.8436244448202,2.98560453574636,33.4940541530901,1.8126532473975,14.4968241240912,0.433418054423247,0
119,0.955335047180638,1.37711558851659,72.6155457347767,21.0410262354208,8.02802560655999,0.782656360991845,0,756.5,10.537378320035,3.06049407206135,32.6744628956744,1.86535245335108,13.9291187310443,0.451082758967085,0
127.5,0.975371839995842,1.38429484694148,72.2389454970119,20.5889281457245,7.64997521565366,0.821334073648069,0,765,10.2632327978763,3.13011284615113,31.9477299749633,1.91519699018201,13.4159905854593,0.468335548326154,0
136,0.993810850229682,1.38986923643401,71.9492146301261,20.1901039751524,7.30743272227707,0.859834848431103,0,773.5,10.0161364902762,3.19496012225691,31.2992951941323,1.96246282184662,12.9491098775388,0.485221406459625,0
144.5,1.01082450606526,1.39414498861551,71.7285510593181,19.8358737446799,6.99532530148967,0.898197730110073,0,782,9.79204976354442,3.25546332903072,30.7175937471776,2.00739109399706,12.5218027666808,0.501779609873625,0
153,1.02655414179337,1.39737497652614,71.5627527899485,19.5194922454793,6.70950419472791,0.936460448466027,0,790.5,9.5877426242145,3.3119914324208,30.1933148199323,2.05018507035241,12.1287066719981,0.51804248194787,0
161.5,1.04113266465295,1.39976326801176,71.4406516339302,19.235328739111,6.44664188639598,0.974644693765086,0,799,9.40055482305153,3.36486618679513,29.7188638265717,2.09102717474408,11.7654002791634,0.534039230123532,0
170,1.05467100848282,1.40147991951954,71.3531450627435,18.9788980971529,6.20394710872245,1.01277222340367,0,807.5,9.22830633469546,3.41436819412859,29.2879954106771,2.13007451022788,11.4282431389418,0.549794507413797,0
178.5,1.06725991645694,1.40266386929951,71.2929178463405,18.7466292051819,5.97904715101926,1.05086732860243,0,816,9.06918053249721,3.46074464721952,28.8955153279926,2.16746600287098,11.1141918290407,0.565329931661069,0
187,1.07899670657563,1.40342994752693,71.2540017948284,18.535242175252,5.77003586404082,1.08893349282918,0,824.5,8.92163913874615,3.5042171078817,28.5370446297632,2.20332795548868,10.820666026375,0.580665302104747,0
195.5,1.08996054768688,1.40386891673426,71.2317217141783,18.3421178554299,5.57524576821933,1.1269790729219,0,833,8.78439046130406,3.54497981356071,28.2089053419902,2.23777047265764,10.5454867482642,0.595817476913887,0
204,1.10021572743723,1.40406096422232,71.221978637792,18.165149905418,5.39321435018252,1.16501679688792,0,841.5,8.65633765532603,3.58320810356017,27.9079520669321,2.27089092680552,10.2867945993179,0.61080108546118,0
212.5,1.10982056955572,1.4040723832503,71.221399404288,18.0025286976555,5.22268503320337,1.20305652499319,0,850,8.53650590905587,3.61905918848139,27.6314906145432,2.3027857594565,10.042948128301,0.625631560266011,0
221,1.11883976486778,1.40393705018066,71.2282648193749,17.8524982032803,5.06262337044245,1.24109277886703,0,858.5,8.42409240901631,3.65268024294669,27.3771568680559,2.33353168144527,9.81257123938999,0.640319968527453,0
229.5,1.12731452755267,1.40372070373281,71.2392427739205,17.7138243841518,4.91204587168919,1.27913815776702,0,867,8.31838111450568,3.68419357305395,27.1429820439936,2.36320329081198,9.594441885243,0.65487762418402,0
238,1.1352984119546,1.40344388954344,71.2532939471711,17.5851727329653,4.77016139476723,1.31718505668846,0,875.5,8.21873206597535,3.71372112586437,26.9271699761045,2.39187280220299,9.38747237689931,0.669315983569896,0
246.5,1.14281741441565,1.40313938993597,71.2687568442955,17.4657377478639,4.63617612339006,1.35525164272344,0,884,8.12461440670743,3.74136711544536,26.7281977187359,2.41959727105219,9.19074027908081,0.683643005502054,0
255,1.14992613927659,1.40282600685814,71.2846778653372,17.3543268173604,4.5095142716729,1.39331753458421,0,892.5,8.03553481401851,3.76723107377119,26.5446950404067,2.44643644295875,9.00340035184147,0.697868034480382,0
263.5,1.15665565115361,1.40252578867055,71.2999367339903,17.2501821374722,4.38958501386571,1.43138480911804,0,901,7.95106090546904,3.79140081434076,26.375475687444,2.47244400918644,8.82470688731303,0.711999320477454,0
272,1.16301796432348,1.40228187801417,71.3123385304058,17.1528816549847,4.27580133942457,1.46947549907105,0,909.5,7.87081979443582,3.81396038269849,26.219464799277,2.49766587772657,8.65400747051767,0.726043434626679,0
280.5,1.16906418112371,1.40200277766456,71.326534863632,17.0614432608604,4.16778674197399,1.50755921455897,0,918,7.79446557765137,3.83498476672749,26.0757228731662,2.52214863370942,8.49070324362895,0.740007644466224,0
289,1.17480262541347,1.40180240194246,71.336730384704,16.9755707231739,4.06506098758986,1.54565585273171,0,926.5,7.72169582875994,3.85454246360097,25.9434163572759,2.54593310434039,8.33426425122497,0.753898018803049,0
297.5,1.18026297370921,1.40165790573786,71.3440844521604,16.8946709915834,3.96727049986288,1.58375520585167,0,935,7.65222870424802,3.87270225157811,25.8217630749305,2.56906058053176,8.18420182272515,0.76772120767269,0
306,1.18545870307509,1.40155300333192,71.349424361597,16.8184155536772,3.87404804926499,1.62186561118458,0,943.5,7.58583087786694,3.88952046557828,25.7101102526613,2.59156252637897,8.04009631994376,0.78148134762937,0
314.5,1.19042166478017,1.401508941451,71.3516675080707,16.7462262066425,3.7851245303026,1.65996792361209,0,952,7.52226756531386,3.90505341760518,25.6078443252964,2.61347641841591,7.90154156020363,0.795184744559853,0
323,1.19515622846732,1.40152408212111,71.3508966957291,16.6779430328,3.70017408194218,1.69807829794905,0,960.5,7.46134058693897,3.91935375229043,25.514410364607,2.63483224630391,7.76818384897342,0.808835814050658,0
331.5,1.19969024361939,1.40159765443079,71.3471513625009,16.6130800064845,3.61897509387449,1.73617810131232,0,969,7.40286298134873,3.93246852327807,25.4293198808979,2.65566049604692,7.63969347920406,0.822439450520232,0
340,1.20402667046467,1.40172457924875,71.3406909462876,16.5515209616395,3.54125491313137,1.77428212916298,0,977.5,7.34666867211184,3.94444255867134,25.3521247964844,2.67598823976444,7.51577357760802,0.835999813232703,0
348.5,1.20818470670363,1.40191151404747,71.3311781792058,16.4929275790202,3.46681407949392,1.8123802324285,0,986,7.29260626069057,3.95532009704845,25.2824038374599,2.6958407905223,7.39615239420951,0.8495208011261,0
357,1.2121716909147,1.40214686223144,71.3192053511822,16.4371385981558,3.39543891012521,1.85047808942847,0,994.5,7.24053905047708,3.96514306011221,25.2197710105244,2.71524123896059,7.28058225286785,0.863005881803562,0
365.5,1.21601169401838,1.40245111459438,71.3037331279258,16.3837671470665,3.32698137898325,1.88855439554632,0,1003,7.1903247888691,3.97393508847114,25.1639741902458,2.73421772067747,7.1688183338675,0.876460389224269,0
374,1.21970075950006,1.40280053013051,71.2859724901133,16.3328236913839,3.2612319772729,1.92662936919737,0,1011.5,7.14186193875284,3.9817425916319,25.1146320232156,2.75278566443034,7.06066429931076,0.889885857877838,0
382.5,1.22324482021062,1.40320093953583,71.2656307321738,16.2841844320437,3.19802567375325,1.96470758779293,0,1020,7.0950230304525,3.98859630770925,25.0714768518232,2.77097274624546,6.95590493181618,0.903287978885453,0
391,1.22667553327637,1.40364262721442,71.2432054008316,16.2373798775161,3.13727757871196,2.00275084035096,0,1028.5,7.0497292217138,3.99453025986958,25.0342326867903,2.78878999800276,6.85437940856957,0.916667276883469,0
399.5,1.22997139653657,1.40412580400429,71.2186897461891,16.1926713604037,3.0787769625446,2.04080561327396,0,1037,7.00586997255095,3.99956038914056,25.0027478698699,2.80626275025418,6.75590161287459,0.930029131153397,0
408,1.23316185010753,1.40466535484672,71.1913336902314,16.1496299439802,3.02245551496945,2.07883466805734,0,1045.5,6.96336924334067,4.00372483460255,24.9767414423042,2.82340453153535,6.6603244795224,0.943375255439528,0
416.5,1.23625026524642,1.40523613375968,71.1624171892391,16.1081855599618,2.96818791175611,2.11684215891243,0,1054,6.92214425953299,4.00704612084968,24.9560391829968,2.84023312571569,6.56749929746963,0.956708942412893,0
425,1.23923236531338,1.40584620656205,71.1315359626333,16.0683720356957,2.91584085956091,2.15484507207494,0,1062.5,6.88212285366275,4.0095492245811,24.9404594877988,2.8567635104024,6.47729209756494,0.970032725487503,0
433.5,1.24212637111568,1.40648652856315,71.0991523695281,16.0299249887241,2.86534341664516,2.19282103174081,0,1071,6.84322906956429,4.01125108752519,24.9298779403253,2.87301363092776,6.38956962611045,0.983350315411521,0
442,1.24492781960349,1.40716151248078,71.0650476957,15.9928848497194,2.81657877738346,2.23078628498952,0,1079.5,6.80540662395958,4.01218203010405,24.9240934857102,2.88899450267022,6.3042210504489,0.996663228795283,0
450.5,1.24764651045775,1.4078619630198,71.0296908551352,15.9571044723775,2.76947061144896,2.26873153345805,0,1088,6.76859636331865,4.0123600776948,24.922987484576,2.90471941659813,6.22113636334435,1.00997389226201,0
459,1.25029152585186,1.40858944334207,70.9930068499852,15.9224491576691,2.72394667941581,2.30664768685087,0,1096.5,6.73273779123089,4.01180305026664,24.9264479704091,2.92020333078955,6.14020774394062,1.0232854602322,0
467.5,1.25285194724776,1.40934406686333,70.9549941360751,15.8890472470589,2.67989721336419,2.3445620510542,0,1105,6.69778509432667,4.01052821399756,24.9343714005002,2.93545585787667,6.06134397676622,1.03659936332003,0
476,1.25534923325279,1.41012171557736,70.9158641380511,15.8566055296457,2.63728830515293,2.38244157641128,0,1113.5,6.66368055741703,4.00855512870615,24.946644561248,2.95049270167779,5.9844459428981,1.04991930199253,0
484.5,1.2577788437826,1.41091765239162,70.8758585807553,15.8251715824935,2.59603476528915,2.42030091090854,0,1122,6.63038223197772,4.00589948257557,24.9631825349011,2.96532352981895,5.90943157930278,1.06324698456377,0
493,1.26014261281611,1.41172917484838,70.8351160984827,15.7947104764469,2.55607020855194,2.45814269348224,0,1130.5,6.59784678114907,4.00257586599784,24.9839111981629,2.9799593668975,5.83622006293593,1.07658471397989,0
501.5,1.26244232463216,1.41255790390941,70.7935580716647,15.7651887005814,2.51733265131038,2.49596941584535,0,1139,6.56603211052215,3.99860128408929,25.008745032396,2.99441141741234,5.76473407420734,1.08993497814442,0
510,1.26469094421792,1.41339943925305,70.751407721548,15.7364307467375,2.47978616513317,2.53376093290776,0,1147.5,6.53490835721315,3.99399300455685,25.0376001875585,3.00868596731387,5.69490924375874,1.10329858444462,0
518.5,1.26687862709127,1.4142522345087,70.7087445647483,15.7085539790826,2.44335318628982,2.571541986822,0,1156,6.50442851436882,3.98876206601061,25.0704349733289,3.02279777644747,5.62666826502493,1.11667953595835,0
527,1.2690177066586,1.41511522760537,70.6656235826237,15.6813931483779,2.40800323844137,2.60929271475835,0,1164.5,6.47456643428217,3.98291814629979,25.107219462419,3.03675260333829,5.55995400110105,1.13007864920021,0
535.5,1.27110926272969,1.41598731027655,70.6221018184617,15.6549276126878,2.3736867651348,2.64701535159074,0,1173,6.44529055220068,3.97648350907401,25.1478472805956,3.05055919922536,5.49470635311226,1.14349792389192,0
544,1.27314924478632,1.41686335298421,70.5784363674728,15.6292017198002,2.34034787644545,2.68472280143351,0,1181.5,6.41656319243451,3.96946071750514,25.1923389892749,3.0642297528523,5.43086177946213,1.15694075127095,0
552.5,1.27514639518845,1.41774878964169,70.5343575184946,15.6040988238655,2.30795727635918,2.72240104768809,0,1190,6.38836212501118,3.9618668140769,25.2406263745894,3.07776962086142,5.36837153362284,1.17040805909709,0
561,1.27709186152255,1.41863749321721,70.4901713638051,15.5797239946302,2.27645608114537,2.76007315020033,0,1198.5,6.36065836993203,3.95371296585467,25.292680794895,3.09118779493888,5.30718261988488,1.183902224061,0
569.5,1.27900598001045,1.41951954399062,70.4463706916462,15.5558171019755,2.24584017561097,2.79769921983441,0,1207,6.33342538957617,3.94500753752733,25.3484940266245,3.10449253188301,5.24724555888664,1.19742543714931,0
578,1.28087056320545,1.42040715166093,70.4023489906162,15.5326002541694,2.21603903668763,2.83532248446816,0,1215.5,6.30663975328475,3.93576443392924,25.4080247125374,3.11769097123143,5.18851481142307,1.21097954531159,0
586.5,1.28270510184701,1.42129737016968,70.3582530291053,15.509825921531,2.18705047203242,2.87290366067348,0,1224,6.28028272763618,3.92599301768994,25.4712628243134,3.13078827511891,5.13094994087923,1.22456570022644,0
595,1.28450112234327,1.42218376798856,70.3144011701336,15.4875952026524,2.15882541570298,2.9104647654584,0,1232.5,6.25432718920427,3.9157031726142,25.5381972513606,3.14379411447476,5.074504818827,1.23818688354936,0
603.5,1.28625943342481,1.42306890683657,70.2706661073051,15.4658936881041,2.13133294685139,2.94800740375253,0,1241,6.2287495647431,3.90490128984204,25.6088419597529,3.15671678501866,5.01913744137236,1.25184563693908,0
612,1.28798082684204,1.42394899808335,70.2272343564276,15.4447074140506,2.10454383470922,2.98553311342537,0,1249.5,6.20353743734788,3.89360476315861,25.6831409664901,3.1695592424173,4.9648158762288,1.26554246195978,0
620.5,1.289674482963,1.42482400339168,70.1841067822818,15.4239198213797,2.07844396931991,3.02302366574526,0,1258,6.17867351872892,3.88182015516835,25.7611110259339,3.18232713479903,4.91150518181949,1.27927897346775,0
629,1.29134084872654,1.42569484989528,70.1412367501679,15.4035224247463,2.05300611880213,3.06048055562817,0,1266.5,6.15412965586756,3.86955187600628,25.8427857292894,3.1950320182876,4.85916277605018,1.29305923607831,0
637.5,1.29296409076671,1.42655474788436,70.0989570490052,15.383705359423,2.02817896590856,3.09794422129061,0,1275,6.12989587708825,3.85681342336421,25.9281404161812,3.20767636579098,4.80776147222608,1.30688374277236,0
646,1.29456910303787,1.4274161696098,70.0566535037471,15.3641615588032,2.0039769396871,3.13535808858191,0,1283.5,6.10595235665515,3.84360789456662,26.0172220328097,3.22026799365352,4.75726712633826,1.32075520258116,0
654.5,1.29614041632092,1.42826145974506,70.0151917687746,15.3450767579993,1.98035204938261,3.17276178704611,0,1292,6.08228358485335,3.82994850152042,26.1100116516715,3.23281272570383,4.70764983347783,1.33467558748689,0
663,1.29767873816296,1.42911086153955,69.9735777616803,15.3264391199857,1.95728316465002,3.21015651728813,0,1300.5,6.05887717526321,3.81584403799533,26.2065218086155,3.24531494440634,4.65888287217471,1.34864633423305,0
671.5,1.29919978392963,1.42994388334695,69.9328142625698,15.3080558143545,1.93477257472767,3.2475058770481,0,1309,6.03572164437439,3.80130483361082,26.3067563316176,3.25777872689513,4.61094090479327,1.36266879947387,0
680,1.30068889367678,1.43076760655127,69.8925524607315,15.2901016956088,1.9127777848188,3.28484853653546,0,1317.5,6.01279677865222,3.78633429497972,26.410768888682,3.2702130719038,4.56379262136791,1.37674645376334,0
688.5,1.30215400897977,1.43158087708643,69.8528470172925,15.2724784490801,1.89129122582392,3.32216700494784,0,1326,5.99009289158276,3.77094359426196,26.5185616014423,3.2826215167834,4.51741545368232,1.39088055362672,0
697,1.30359551646782,1.43238384716964,69.813688696363,15.2551792718238,1.87029485863389,3.35946242816975,0,1334.5,5.96760000714396,3.75514334778767,26.6301418450283,3.29500789963643,4.47178719156535,1.40507252201779,0
705.5,1.30501379654029,1.43317561513222,69.7751196323377,15.2381975249772,1.84977150466376,3.39673591648374,0,1343,5.94529719132197,3.73893132687862,26.7456102445945,3.30738230779283,4.42687802779,1.41932650227463,0
714,1.30640922346705,1.43395650932235,69.7371219767727,15.2215267289778,1.82970479477178,3.43398854565677,0,1351.5,5.92318072124575,3.72232629423598,26.8649205081376,3.31974550198794,4.38267163984147,1.43364272378089,0
722.5,1.30778216548729,1.43472641269814,69.6996996186474,15.2051605589481,1.81007912178171,3.47122135798952,0,1360,5.90124504249684,3.70542818885938,26.987434353918,3.33209932314884,4.3391507665418,1.44802189304594,0
731,1.30913298490661,1.43547991778035,69.663113193968,15.1890928402413,1.79087959631547,3.50843536333013,0,1368.5,5.87946091108049,3.68796496328877,27.1152250619063,3.3444591791363,4.29628126494738,1.46247066234769,0
739.5,1.31046203819271,1.4362293473296,69.6267627353051,15.1733175441413,1.77209200566965,3.54563154005384,0,1377,5.85783312835222,3.67022031306396,27.2463207846284,3.35682142248741,4.25405455944242,1.47698747615572,0
748,1.31176967606941,1.43696029892194,69.5913450601408,15.15782878371,1.75370277549387,3.58281083600962,0,1385.5,5.83635499572458,3.65211814839549,27.3813704641329,3.36918895654577,4.21245398464423,1.49157363619492,0
756.5,1.31305624360924,1.43767934895017,69.5565392053675,15.1426208097765,1.73569893405055,3.61997416943543,0,1394,5.81500372921708,3.63365519711371,27.5204978390443,3.38157414894826,4.17145174262344,1.5062346863512,0
765,1.31432836239251,1.43838605101483,69.5223649655436,15.1276139732111,1.71807629070917,3.65710494997058,0,1402.5,5.7937773792674,3.61484569662399,27.6636980918419,3.39397752421331,4.13103556454003,1.52097100327898,0
773.5,1.31557998316805,1.43907883376619,69.4888964062462,15.1128783044743,1.70081445787724,3.69422148199605,0,1411,5.77266329342161,3.59569472406244,27.8110372748828,3.40640595215241,4.09118589186507,1.53578582671423,0
782,1.31681143622601,1.43975817867606,69.456108311158,15.0984084106089,1.68390209236063,3.73132460354113,0,1419.5,5.75166244597536,3.57623305742764,27.9623834336819,3.41885840088,4.05189323422005,1.55067889107129,0
790.5,1.3180230465345,1.44042349686722,69.4240271819296,15.0841990226459,1.66732833211196,3.76841512626422,0,1428,5.73075917107731,3.55642101367889,28.1181557569745,3.43134378732544,4.01313667442388,1.56565445359062,0
799,1.31921513382533,1.4410632912457,69.3932047311796,15.0702449921911,1.65108277074509,3.80549383623218,0,1436.5,5.70994702521182,3.53631152785574,28.2780516400475,3.44386572425906,3.97490221038066,1.58071443638808,0
807.5,1.32039383341709,1.44171340522522,69.3619131497069,15.0564733425753,1.63516264200258,3.84254455537497,0,1445,5.6892214529684,3.51589880298535,28.4422293141913,3.45642678227428,3.9371774761027,1.59586032006846,0
816,1.32155929565991,1.44233997674947,69.3317814190836,15.0428813817791,1.61955796036754,3.87956804321698,0,1453.5,5.66856332624711,3.49518121976784,28.610819786518,3.46903853557206,3.89994036893506,1.6110977893991,0
824.5,1.32270028774823,1.44294881559506,69.3025275181094,15.0295988395907,1.60424534596511,3.91659874406533,0,1462,5.64798545182023,3.47418651430044,28.7837165875753,3.48169318495531,3.86319114351589,1.62642361554527,0
833,1.32382846596055,1.44354460940966,69.2739243028278,15.0164887892223,1.5892298510931,3.95360388106094,0,1470.5,5.6274710145318,3.45291550734049,28.9610330132353,3.49440111446637,3.82690990447589,1.64184301800021,0
841.5,1.32494397420272,1.44412838948664,69.2459207422326,15.0035487115119,1.57450264314049,3.99058415973644,0,1479,5.60700974446865,3.4313736509466,29.1428477841268,3.50716891033029,3.7910816392621,1.65735953615669,0
850,1.32604150794684,1.44469657289743,69.2186870765838,14.9908391512305,1.56004883287864,4.02755681409389,0,1487.5,5.58660617121935,3.40957769698823,29.3291453919155,3.51999400941279,3.75570162771049,1.67297243764539,0
858.5,1.32712135682107,1.44524965156021,69.1921979652759,14.9783556349469,1.54586063694941,4.06452247828678,0,1496,5.56624316531848,3.38753322957122,29.5200056274157,3.53288752995298,3.7207507789562,1.68868749358758,0
867,1.32818907848625,1.44578821228512,69.1664236506302,14.9660329862275,1.53193665338668,4.10146548376477,0,1504.5,5.54591844812953,3.36524518348655,29.7155168635872,3.54585140297656,3.68622030450617,1.70450618469514,0
875.5,1.32923959565195,1.44631363588467,69.1412965479186,14.9539289061543,1.51826338738087,4.13840270364327,0,1513,5.52562688642036,3.34272903224488,29.9156763935613,3.55888944737791,3.65209972664928,1.72043092397815,0
884,1.33027831501745,1.44682425837215,69.1168947585329,14.9419802267406,1.50483972287042,4.1753186147922,0,1521.5,5.50536595661978,3.31999495442744,30.1205277034061,3.57200388902244,3.61838051700282,1.73646339229797,0
892.5,1.33130029720567,1.4473205630044,69.0931936960923,14.9302429243959,1.49165299406798,4.21222987663124,0,1530,5.48512990266522,3.29705049581778,30.3301390521156,3.58519912390106,3.5850522239642,1.75260635401063,0
901,1.33231329712857,1.44780356193402,69.0701436501626,14.9186271832079,1.47870510225146,4.2491131582713,0,1538.5,5.46491467666203,3.27391060714002,30.5445114420386,3.5984785403721,3.55210573718689,1.76886212631598,0
909.5,1.33330750115445,1.44825444139798,69.0486403089993,14.90724473937,1.46597856091749,4.28600081521468,0,1547,5.44472015519312,3.25058862860728,30.7636589631599,3.6118430079484,3.51953468338276,1.78523181966219,0
918,1.33428325803533,1.44871853244703,69.0265208598458,14.896090570667,1.45346760134568,4.32289326666956,0,1555.5,5.4245276602928,3.2270797488719,30.9877684414082,3.62530582526246,3.48732090022038,1.80172272267302,0
926.5,1.33525996780379,1.44916570690232,69.0052210894197,14.8849424123583,1.44118722914602,4.35972868764783,0,1564,5.40433987650886,3.20340207475932,31.2168118975553,3.63886627251167,3.45546027909774,1.81833527220293,0
935,1.33620901684638,1.44958842779156,68.9850981718648,14.8741261362801,1.42910055277687,4.39660127131767,0,1572.5,5.38416304454653,3.17957619568149,31.4507323761639,3.65252117587211,3.42395106171481,1.83506866597351,0
943.5,1.33715899269467,1.45000129883473,68.9654554657043,14.8633152155709,1.41723263666632,4.43341844142058,0,1581,5.36398404431188,3.1556036505585,31.6896578511377,3.66628050020842,3.39277928166469,1.85192869490075,0
952,1.33809134203797,1.45040050177969,68.9464736652368,14.8527203391844,1.40555813239283,4.47024222077749,0,1589.5,5.34379204866261,3.13148845320973,31.9336959066547,3.68015291513984,3.36193271384876,1.86892060072986,0
960.5,1.33900639193057,1.45078255488281,68.9283171095737,14.8423368978508,1.39407224563307,4.50707294895343,0,1598,5.32360072777705,3.10725878409861,32.1827073148042,3.69413031365046,3.33141472326474,1.88604116542481,0
969,1.33991339939246,1.45115313336462,68.910715003689,14.8320592039568,1.3827795659365,4.54388064588173,0,1606.5,5.30339724587779,3.08291643966628,32.436818174295,3.70822288034894,3.30121210449909,1.90329645847853,0
977.5,1.34081243510909,1.45151266182558,68.8936463525088,14.8218860442931,1.37167512543129,4.58066577915377,0,1615,5.28317392137208,3.05846248512289,32.6961669421889,3.72243745759188,3.27131512159262,1.92069093732574,0
986,1.34169478949894,1.45185239667944,68.8775251731593,14.8119153646985,1.36074522261556,4.61745902374167,0,1623.5,5.26293841657475,3.03392598254541,32.9605931638786,3.73677016877814,3.24172369360933,1.93822358135153,0
994.5,1.34256938882092,1.4521814856771,68.8619163557053,14.802045703365,1.34999435778875,4.65423079061696,0,1632,5.24268131722017,3.00930659981721,33.2302464647751,3.75122923145295,3.21242727770844,1.95589962480385,0
1003,1.34342776022578,1.4524968085145,68.8469671078122,14.7923721017445,1.33940953163089,4.69101134402789,0,1640.5,5.22240109507812,2.98461748274417,33.5051310856948,3.76581740335365,3.18342035664622,1.97372153321248,0
1011.5,1.34427858735072,1.45280022658153,68.8325883836776,14.7827961383181,1.32899514320388,4.72777145899298,0,1649,5.20209973513941,2.95987376687716,33.7852245994618,3.78053494899634,3.15469965745264,1.99169049019809,0
1020,1.34511362764424,1.45308645386458,68.8190298203132,14.7734100429014,1.31873885063161,4.76454098866523,0,1657.5,5.18177047889375,2.93508099320391,34.070610055241,3.79538853130902,3.12625669918175,2.00981106536265,0
1028.5,1.34594132871643,1.45336178484431,68.8059924533606,14.7641183352984,1.30864494770679,4.80129107455002,0,1666,5.16141315151704,2.91025147044998,34.3612918042914,3.8103801328948,3.09808712576053,2.02808541274874,0
1037,1.34676175507217,1.45362219218783,68.7936662892378,14.7549199552353,1.29870950344472,4.83802212158606,0,1674.5,5.14102737671003,2.88539672258586,34.6572792632761,3.82551192455818,3.07018654924457,2.04651580820898,0
1045.5,1.34756695867326,1.45387415170576,68.7817441988876,14.7459035162359,1.28892105085917,4.87476351091586,0,1683,5.12060602264639,2.86052093820945,34.9586673756687,3.84079119557528,3.04254665635555,2.0651072988658,0
1054,1.34835722197315,1.45410945899374,68.7706137811668,14.7370652078116,1.27927630168231,4.9115154395629,0,1691.5,5.10015424026032,2.83564023266012,35.2654045630428,3.8562161425863,3.01516656237678,2.08386010430771,0
1062.5,1.34914825701455,1.45433192300987,68.7600941833424,14.7282289959709,1.26978659483723,4.94822148282721,0,1700,5.07966784048094,2.81076072346068,35.5775570525539,3.87179200595231,2.98803990616526,2.10277824409755,0
1071,1.34992461464796,1.45454460064613,68.7500403601088,14.7195671543059,1.26043381386364,4.98493870766571,0,NaN,NaN,NaN,NaN,NaN,NaN,NaN,NaN
1079.5,1.35068656720809,1.45473751531567,68.7409233261578,14.711076046336,1.25121497657072,5.02166727927146,0,NaN,NaN,NaN,NaN,NaN,NaN,NaN,NaN
1088,1.35144182291955,1.45492199941852,68.7322069773955,14.7026693415631,1.2421340284187,5.05837950126719,0,NaN,NaN,NaN,NaN,NaN,NaN,NaN,NaN
1096.5,1.35219044064135,1.45509495340207,68.7240374012679,14.6943461102603,1.23318781636238,5.09507572472904,0,NaN,NaN,NaN,NaN,NaN,NaN,NaN,NaN
1105,1.35292516799527,1.45525445031044,68.7165051985702,14.6861865779565,1.22436666786902,5.13178402521795,0,NaN,NaN,NaN,NaN,NaN,NaN,NaN,NaN
1113.5,1.35365343778456,1.4554018628605,68.709545144773,14.6781078014639,1.21567439405887,5.16847713325719,0,NaN,NaN,NaN,NaN,NaN,NaN,NaN,NaN
1122,1.35436819475549,1.45553559026797,68.7032324517667,14.6701876617078,1.20710177785694,5.20518271320469,0,NaN,NaN,NaN,NaN,NaN,NaN,NaN,NaN
1130.5,1.35507666968273,1.45565789659995,68.6974599138815,14.6623456603263,1.19865251630493,5.24187387229509,0,NaN,NaN,NaN,NaN,NaN,NaN,NaN,NaN
1139,1.35577891777955,1.45576988741858,68.6921750918501,14.6545809475683,1.19032389620681,5.27855092819875,0,NaN,NaN,NaN,NaN,NaN,NaN,NaN,NaN
1147.5,1.35646813588239,1.45586748994077,68.6875699134326,14.6469683910267,1.18210730795851,5.31524106557686,0,NaN,NaN,NaN,NaN,NaN,NaN,NaN,NaN
1156,1.35715129640425,1.45595482161933,68.6834498674749,14.6394306324988,1.17400631176838,5.3519178254803,0,NaN,NaN,NaN,NaN,NaN,NaN,NaN,NaN
1164.5,1.35782178109611,1.45602954287355,68.6799251357528,14.6320403613558,1.16601269308382,5.38860798381369,0,NaN,NaN,NaN,NaN,NaN,NaN,NaN,NaN
1173,1.35848637285611,1.45609242400103,68.6769592037444,14.6247224880796,1.15812990013309,5.42528545930603,0,NaN,NaN,NaN,NaN,NaN,NaN,NaN,NaN
1181.5,1.3591451234776,1.4561451310033,68.6744733549319,14.6174762348545,1.15035558483081,5.46195053949664,0,NaN,NaN,NaN,NaN,NaN,NaN,NaN,NaN
1190,1.35979165118716,1.45618458407748,68.672612726052,14.6103714923487,1.14268205982114,5.49862952093871,0,NaN,NaN,NaN,NaN,NaN,NaN,NaN,NaN
1198.5,1.36042618277711,1.45621082867245,68.671375072224,14.6034053652178,1.13510736985992,5.53532244967715,0,NaN,NaN,NaN,NaN,NaN,NaN,NaN,NaN
1207,1.36106133402682,1.45623031137091,68.6704563276528,14.5964391606881,1.12763987906116,5.57197862886047,0,NaN,NaN,NaN,NaN,NaN,NaN,NaN,NaN
1215.5,1.36168470024357,1.45623688642509,68.6701462737215,14.5896087450188,1.12026713306752,5.6086491531488,0,NaN,NaN,NaN,NaN,NaN,NaN,NaN,NaN
1224,1.36229650009498,1.45623012191109,68.6704652618807,14.5829113494632,1.1129873366789,5.64533404838935,0,NaN,NaN,NaN,NaN,NaN,NaN,NaN,NaN
1232.5,1.36290292279925,1.45621368198791,68.6712405170425,14.5762789522681,1.10580358847809,5.68200842595119,0,NaN,NaN,NaN,NaN,NaN,NaN,NaN,NaN
1241,1.36349809351975,1.4561837570033,68.672651730295,14.5697755473939,1.09870918091841,5.71869737351922,0,NaN,NaN,NaN,NaN,NaN,NaN,NaN,NaN
1249.5,1.36409384546166,1.45614850626356,68.6743141718407,14.5632716667715,1.09171176107376,5.75535185312993,0,NaN,NaN,NaN,NaN,NaN,NaN,NaN,NaN
1258,1.3646727255224,1.45609756105524,68.6767169141672,14.5569576011977,1.08479548928649,5.79204593790511,0,NaN,NaN,NaN,NaN,NaN,NaN,NaN,NaN
1266.5,1.3652521708957,1.45603796784177,68.6795277380206,14.5506429125576,1.07797249972025,5.82870649187261,0,NaN,NaN,NaN,NaN,NaN,NaN,NaN,NaN
1275,1.36581520619495,1.45596589820495,68.6829273427964,14.5445123632301,1.07122761270192,5.86540641099766,0,NaN,NaN,NaN,NaN,NaN,NaN,NaN,NaN
1283.5,1.36637879133336,1.45588602712258,68.6866953436188,14.5383810570168,1.06457249032596,5.90207370965952,0,NaN,NaN,NaN,NaN,NaN,NaN,NaN,NaN
1292,1.36693191932565,1.45579445790175,68.6910157249334,14.5323685965373,1.05799684158332,5.93875620439152,0,NaN,NaN,NaN,NaN,NaN,NaN,NaN,NaN
1300.5,1.3674747842009,1.45569094596134,68.6959002372306,14.5264725836227,1.05149925736324,5.97545387044344,0,NaN,NaN,NaN,NaN,NaN,NaN,NaN,NaN
1309,1.36801287780282,1.45557799382853,68.7012310051318,14.5206331639772,1.04508241237802,6.01214338004465,0,NaN,NaN,NaN,NaN,NaN,NaN,NaN,NaN
1317.5,1.36854624206645,1.45545570912055,68.707003156025,14.5148497508873,1.03874477576201,6.04882494120878,0,NaN,NaN,NaN,NaN,NaN,NaN,NaN,NaN
1326,1.36906970992285,1.45532261815994,68.7132864920607,14.5091781755827,1.03248092754362,6.08552191092567,0,NaN,NaN,NaN,NaN,NaN,NaN,NaN,NaN
1334.5,1.36958346499675,1.45517717754974,68.7201541797008,14.5036161912337,1.02628959535163,6.12223424619913,0,NaN,NaN,NaN,NaN,NaN,NaN,NaN,NaN
1343,1.37009270464519,1.45502314438944,68.727429103516,14.4981073456073,1.02017327226001,6.15893934690164,0,NaN,NaN,NaN,NaN,NaN,NaN,NaN,NaN
1351.5,1.37059498203282,1.45485906338912,68.7351802772208,14.4926779602595,1.01412873254371,6.195648644546,0,NaN,NaN,NaN,NaN,NaN,NaN,NaN,NaN
1360,1.37109039234679,1.4546831654954,68.7434916220703,14.4873268316491,1.008154700255,6.23236226106009,0,NaN,NaN,NaN,NaN,NaN,NaN,NaN,NaN
1368.5,1.37157902947288,1.45450130034823,68.7520870390823,14.482052776066,1.00224993019575,6.26908031408138,0,NaN,NaN,NaN,NaN,NaN,NaN,NaN,NaN
1377,1.37206098601325,1.45430704671818,68.761270342231,14.4768546292595,0.996413206981302,6.30580291705978,0,NaN,NaN,NaN,NaN,NaN,NaN,NaN,NaN
1385.5,1.37253635330405,1.45410367207082,68.7708874688334,14.4717312460762,0.990643344138617,6.34253017935828,0,NaN,NaN,NaN,NaN,NaN,NaN,NaN,NaN
1394,1.37300522143267,1.45388881617615,68.7810504402999,14.4666815001043,0.984939183237213,6.37926220635122,0,NaN,NaN,NaN,NaN,NaN,NaN,NaN,NaN
1402.5,1.37346767925485,1.45367141641828,68.7913367976867,14.4617042833268,0.979299593051586,6.41599909952031,0,NaN,NaN,NaN,NaN,NaN,NaN,NaN,NaN
1411,1.37392381441149,1.45343071582565,68.8027292330841,14.4567985057818,0.973723468753712,6.45274095654854,0,NaN,NaN,NaN,NaN,NaN,NaN,NaN,NaN
1419.5,1.37437371334528,1.45319293980389,68.8139869530988,14.4519630952296,0.968209731134399,6.48948787141182,0,NaN,NaN,NaN,NaN,NaN,NaN,NaN,NaN
1428,1.37481746131709,1.45294237939071,68.8258539488226,14.4471969968281,0.962757325852302,6.5262399344687,0,NaN,NaN,NaN,NaN,NaN,NaN,NaN,NaN
1436.5,1.37525514242209,1.45268173162704,68.8382030439646,14.4424991728142,0.957365222709427,6.56299723254791,0,NaN,NaN,NaN,NaN,NaN,NaN,NaN,NaN
1445,1.37568683960574,1.45241235648836,68.8509702862759,14.4378686021924,0.952032414952069,6.59975984903404,0,NaN,NaN,NaN,NaN,NaN,NaN,NaN,NaN
1453.5,1.37611263467946,1.45213403944958,68.8641663120193,14.43330428043,0.946757918596117,6.63652786395122,0,NaN,NaN,NaN,NaN,NaN,NaN,NaN,NaN
1462,1.37653260833615,1.45185044949405,68.877617549968,14.4288052191586,0.941540771775751,6.67330135404489,0,NaN,NaN,NaN,NaN,NaN,NaN,NaN,NaN
1470.5,1.37693863755502,1.45154433146364,68.8921432383443,14.4244582364226,0.936374456004773,6.7101203657221,0,NaN,NaN,NaN,NaN,NaN,NaN,NaN,NaN
1479,1.37734704585135,1.45123870824722,68.9066515602922,14.4200884540532,0.931269131745332,6.74690601566917,0,NaN,NaN,NaN,NaN,NaN,NaN,NaN,NaN
1487.5,1.3777498704405,1.4509245925808,68.9215693988118,14.4157810364653,0.926218400296131,6.78369734953519,0,NaN,NaN,NaN,NaN,NaN,NaN,NaN,NaN
1496,1.37813931999446,1.45059628209832,68.9371682763087,14.41161911173,0.921216122990948,6.82053336928117,0,NaN,NaN,NaN,NaN,NaN,NaN,NaN,NaN
1504.5,1.3785310514794,1.45026452392895,68.952938136477,14.4074352513044,0.916271885330277,6.85733722465441,0,NaN,NaN,NaN,NaN,NaN,NaN,NaN,NaN
1513,1.37890977625488,1.44991844843161,68.9693962499554,14.4033926427595,0.911374604266281,6.89418519867358,0,NaN,NaN,NaN,NaN,NaN,NaN,NaN,NaN
1521.5,1.37929072012085,1.44956938703456,68.9860043226862,14.3993286604753,0.906533499915115,6.93100178621962,0,NaN,NaN,NaN,NaN,NaN,NaN,NaN,NaN
1530,1.37965901546001,1.44920703534651,69.0032532005267,14.3954018191199,0.901737918601314,6.96786192259214,0,NaN,NaN,NaN,NaN,NaN,NaN,NaN,NaN
1538.5,1.38002227551133,1.44883600218332,69.0209242794253,14.3915307858366,0.89699205428101,7.0047279428979,0,NaN,NaN,NaN,NaN,NaN,NaN,NaN,NaN
1547,1.38038766403952,1.44846176966355,69.0387569036274,14.3876391936919,0.892299718189735,7.0415637023025,0,NaN,NaN,NaN,NaN,NaN,NaN,NaN,NaN
1555.5,1.38074092052673,1.44807393804756,69.0572472665521,14.3838788372173,0.887650865012364,7.07844216103149,0,NaN,NaN,NaN,NaN,NaN,NaN,NaN,NaN
1564,1.38108934733541,1.44767843941778,69.0761133668725,14.3801718382039,0.883049454818035,7.11532663646152,0,NaN,NaN,NaN,NaN,NaN,NaN,NaN,NaN
1572.5,1.3814262052852,1.44726953161852,69.095629953715,14.376589759436,0.8784904326138,7.15225240243656,0,NaN,NaN,NaN,NaN,NaN,NaN,NaN,NaN
1581,1.38176503701204,1.44685766595349,69.1152988667337,14.3729885117071,0.873981680589528,7.18914989492844,0,NaN,NaN,NaN,NaN,NaN,NaN,NaN,NaN
1589.5,1.38209923627387,1.44643758709942,69.1353715444667,14.3694382862619,0.869518236095546,7.22605351601753,0,NaN,NaN,NaN,NaN,NaN,NaN,NaN,NaN
1598,1.38242233907583,1.44600528570903,69.1560404296631,14.3660076249208,0.865095331086254,7.262997592751,0,NaN,NaN,NaN,NaN,NaN,NaN,NaN,NaN
1606.5,1.38274102445667,1.44556529541149,69.1770896253665,14.362625489198,0.860716479587099,7.29994772517164,0,NaN,NaN,NaN,NaN,NaN,NaN,NaN,NaN
1615,1.38306157713467,1.44512163797055,69.1983272359236,14.3592251601595,0.856384877482767,7.33687092379328,0,NaN,NaN,NaN,NaN,NaN,NaN,NaN,NaN
1623.5,1.38337148646203,1.44466586454461,69.2201584146397,14.3559392799752,0.852092076662783,7.37383374316503,0,NaN,NaN,NaN,NaN,NaN,NaN,NaN,NaN
1632,1.38367110583125,1.44419879777262,69.2425448312446,14.3527639465254,0.8478376873966,7.41083511688771,0,NaN,NaN,NaN,NaN,NaN,NaN,NaN,NaN
1640.5,1.38397248078272,1.44372687282514,69.2651788106682,14.3495714399789,0.843628455216529,7.44781102193491,0,NaN,NaN,NaN,NaN,NaN,NaN,NaN,NaN
1649,1.38426973537352,1.44324853757701,69.2881353393813,14.3464239872596,0.839460118479997,7.48479310554561,0,NaN,NaN,NaN,NaN,NaN,NaN,NaN,NaN
1657.5,1.38455712018298,1.44275811448512,69.3116877985381,14.3433823667293,0.835328579295916,7.52181292836356,0,NaN,NaN,NaN,NaN,NaN,NaN,NaN,NaN
1666,1.38484057590325,1.4422603822737,69.3356076538352,14.3403836079092,0.831236840278063,7.55883883235704,0,NaN,NaN,NaN,NaN,NaN,NaN,NaN,NaN
1674.5,1.38512015625235,1.4417554757752,69.3598891630579,14.337427089322,0.827184327412571,7.59587083429562,0,NaN,NaN,NaN,NaN,NaN,NaN,NaN,NaN
1683,1.38539045366017,1.44123882541149,69.3847530588478,14.3345699079551,0.823167233309667,7.63293903465654,0,NaN,NaN,NaN,NaN,NaN,NaN,NaN,NaN
1691.5,1.38566233484186,1.4407196807965,69.4097549529657,14.3316971465003,0.819191448325074,7.66998400682313,0,NaN,NaN,NaN,NaN,NaN,NaN,NaN,NaN
1700,1.38592518871869,1.44018892746841,69.4353345541837,14.3289208762723,0.815250111010996,7.70706464472329,0,NaN,NaN,NaN,NaN,NaN,NaN,NaN,NaN
