S0 f (kHz),S0 Phase velocity (m/ms),S0 Energy velocity (m/ms),S0 Propagation time (micsec),S0 Coincidence angle (deg),S0 Wavelength (mm),S0 Wavenumber (rad/mm),S0 Attenuation (Np/m),S1 f (kHz),S1 Phase velocity (m/ms),S1 Energy velocity (m/ms),S1 Propagation time (micsec),S1 Coincidence angle (deg),S1 Wavelength (mm),S1 Wavenumber (rad/mm),S1 Attenuation (Np/m),S2 f (kHz),S2 Phase velocity (m/ms),S2 Energy velocity (m/ms),S2 Propagation time (micsec),S2 Coincidence angle (deg),S2 Wavelength (mm),S2 Wavenumber (rad/mm),S2 Attenuation (Np/m)
0.001,6.56577895641327,6.5659255881872,15.2301451877418,2.99452697697029,6565778.95641327,9.56959615742523e-07,0,1065.63751424154,20,-0.181963180888068,-549.561727333804,0.982670793596028,18.7681080411616,0.33477989861309,0,1305.22239583333,20.0519494241061,2.46759389649458,40.5253069162062,0.980124698586657,15.362860373924,0.408985381253889,0
8.5,6.56589824914932,6.5658433885813,15.2303358581337,2.99447252121866,772.458617546979,0.00813400894812007,0,1061.49228678386,14.4667575069261,-0.180467181946187,-554.117368718145,1.35858322595615,13.6286977183395,0.461026096332344,0,1306.14244791667,19.9519494241061,2.47811051225531,40.3533254491506,0.985037607162288,15.275477384515,0.41132497198084,0
17,6.56581595420837,6.56559650266086,15.2309085639778,2.99451008769358,386.22446789461,0.0162682217971081,0,1061.39712011719,14.3667575069261,-0.178955855511588,-558.797026865236,1.36804145317626,13.535704247379,0.46419345401967,0,1307.0796875,19.8519494241061,2.48871802405607,40.1813299190166,0.990000018568485,15.1880176962096,0.413693572976785,0
25.5,6.56567878484726,6.56518497495711,15.2318632881556,2.99457270565994,257.477599405775,0.0244028425062233,0,1061.30895345053,14.2667575069261,-0.177416197655688,-563.64639374174,1.37763230959849,13.4426054359968,0.46740829648651,0,1308.03411458333,19.7519494241061,2.49944037229568,40.0089560480901,0.99501268482284,15.1004849215251,0.416091624860547,0
34,6.56548671722412,6.56460872868831,15.2332003525184,2.99466038914698,193.102550506592,0.0325380751869722,0,1061.21378678386,14.1667575069261,-0.175840498298605,-568.697205521928,1.38735860491018,13.3495792114238,0.47066542006079,0,1309,19.6519494241061,2.51021656238802,39.8372003030957,1.00007637325352,15.0129483759405,0.418517745471564,0
42.5,6.56524213111028,6.56386766199009,15.2349201948537,2.99477205602412,154.476285437889,0.0406741092289269,0,1061.12562011719,14.0667575069261,-0.174234049920602,-573.940627825443,1.39722322873355,13.256448850394,0.473971979833261,0,1317.5,18.8390877847951,2.60181443267784,38.4347164594201,1.0432319505011,14.2991178632221,0.439410694231719,0
51,6.5649392647115,6.56296162815896,15.2370234149993,2.99491034257091,128.724299308069,0.0488111828221523,0,1061.02957845053,13.9667575069261,-0.172588738068411,-579.412081687288,1.407229153489,13.1634007105839,0.47732234589863,0,1326,18.1276720727677,2.68804438185207,37.2017667100792,1.08417810827915,13.6709442479395,0.459601414008152,0
59.5,6.56457842779108,6.56189042216361,15.2395108065562,2.99507511470724,110.329049206573,0.0569495101459215,0,1060.94228678386,13.8667575069261,-0.170922104150011,-585.061835608075,1.41737943738241,13.0702279281956,0.480724998959294,0,1334.5,17.4987601807367,2.76954268214469,36.1070441862848,1.12314877436759,13.1125966135157,0.479171707356821,0
68,6.56416543865951,6.56064767143783,15.2423975509851,2.99526372382867,96.5318446861692,0.0650892493312087,0,1060.84624511719,13.7667575069261,-0.169199390607859,-591.018677081188,1.42767722752271,12.9771468488398,0.484173091386517,0,1343,16.9379847455134,2.84682566414652,35.1268436488471,1.16033849858676,12.6120511880219,0.498189010931619,0
76.5,6.56370243912528,6.55925188688051,15.2456410768452,2.99547520059434,85.8000318839906,0.0732305707726894,0,1060.75020345052,13.6667575069261,-0.167443041372619,-597.218010257381,1.43812576317641,12.8840489141264,0.487671643367522,0,1351.5,16.4342461766745,2.92031667669511,34.2428616725119,1.1959100047605,12.1600045702364,0.516709123823745,0
85,6.56318066035331,6.55768395157354,15.2492862935251,2.99571356080485,77.2138901218037,0.081373769632225,0,1060.65580240886,13.5667575069261,-0.165655654331727,-603.661857504416,1.44872837916621,12.7909143344284,0.491222530532283,0,1360,15.9787931473516,2.9903696806496,33.4406814806512,1.23000290264713,11.7491126083468,0.534779563072356,0
93.5,6.56259875473067,6.55594989696792,15.2533197433753,2.99597943307278,70.1882219757291,0.0895190835486943,0,1060.56140136719,13.4667575069261,-0.163825157638101,-610.406859616186,1.45948850942109,12.6977631748297,0.494826153289305,0,1368.5,15.5646355683544,3.05728428983977,32.7087671670995,1.26273713822477,11.3735005979937,0.552440759381322,0
102,6.56197025119683,6.55404962226549,15.2577422759021,2.99626664893551,64.3330416784003,0.0976665356285983,0,1060.46700032552,13.3667575069261,-0.161962590111244,-617.426529986432,1.47040969068593,12.6045954309026,0.498483695222389,0,1377,15.1860995927174,3.12131589597674,32.0377697524612,1.29421801682749,11.0283947659531,0.569728001266065,0
110.5,6.56127668772688,6.55198215362691,15.2625568347503,2.99658366007867,59.3780695721889,0.105816597818843,0,1060.37259928386,13.2667575069261,-0.160056695421643,-624.778611957259,1.48149556639897,12.5114110982178,0.502196375601037,0,1385.5,14.8385551268615,3.18268244301123,31.420036962716,1.32453616654194,10.7098918273992,0.586671220255025,0
119,6.56053571269159,6.54974772631547,15.2677636114475,2.9969224160637,55.1305522074924,0.113969206829851,0,1060.27819824219,13.1667575069261,-0.158111559853938,-632.464824788137,1.49274989074615,12.4182101723444,0.505965450735596,0,1394,14.5181488586641,3.24157488617132,30.8492024745761,1.35377321554261,10.4147409316099,0.603297321406186,0
127.5,6.55973540176481,6.54734549957578,15.2733653671521,2.99728838507912,51.4489051118809,0.122124762296033,0,1060.18379720052,13.0667575069261,-0.156125076500343,-640.512096080735,1.50417653290172,12.3249926488498,0.509792215394623,0,1402.5,14.2216674502972,3.29815981565212,30.3199376590027,1.38200096393634,10.140226346023,0.619629689986541,0
136,6.55888038208327,6.54477517181243,15.2793636717558,2.99767947032016,48.2270616329652,0.13028339472552,0,1060.08392740886,12.9667575069261,-0.154087057784314,-648.983772147668,1.51577948146531,12.2318216243694,0.513675354344737,0,1411,13.9463871188254,3.35258758729982,29.8277069266788,1.40928499647085,9.88404473339856,0.635689687436204,0
144.5,6.55796941873116,6.54203675030685,15.2857594380389,2.99809625650548,45.3838714099042,0.138445335578145,0,1059.98952636719,12.8667575069261,-0.152010211765568,-657.850540687498,1.52756284910595,12.1385704168448,0.517621523079879,0,1419.5,13.6900094153401,3.40498448727256,29.3687094240189,1.43568265493958,9.6442475627616,0.651495647150353,0
153,6.55700418900749,6.53912994783621,15.2925543302729,2.99853799730906,42.8562365294607,0.146610757639914,0,1059.89512532552,12.7667575069261,-0.149892683668456,-667.143969622878,1.53953087742464,12.0453025982218,0.521629511250897,0,1428,13.4505500838478,3.45547160565505,28.9396098166007,1.46124752109059,9.41915271978139,0.667064808704515,0
161.5,6.55597580460463,6.53605086131779,15.2997585425518,2.99900878439035,40.5942774278925,0.154780075057141,0,1059.79525553386,12.6667575069261,-0.14771852800565,-676.963149782911,1.55168794204737,11.9520798388038,0.525698070287357,0,1436.5,13.2263123028884,3.50415074786075,28.5375850513992,1.4860268981654,9.20731799713774,0.682412110576916,0
170,6.55489821040125,6.53280305113083,15.3073648810965,2.99950225808045,38.5582247670662,0.162953179124218,0,1059.70085449219,12.5667575069261,-0.145504413433019,-687.264376664656,1.56403855796156,11.8587783086654,0.529834114749272,0,1445,13.0158188456608,3.5511167376188,28.1601556323533,1.51006463343703,9.00748709042271,0.697551408523276,0
178.5,6.55376273760296,6.52938508876134,15.3153778863685,3.00002241253194,36.71575763363,0.171130482172713,0,1059.60645345052,12.4667575069261,-0.143241494030417,-698.121732650774,1.57658738510955,11.7654601539365,0.534036512382164,0,1453.5,12.8177825472735,3.59645521993445,27.8051564345135,1.53340084496985,8.8185638440134,0.712495301765606,0
187,6.55256627749617,6.52579513771957,15.3238031365699,3.00057070029019,35.0404613769849,0.179312288145455,0,1059.50658365886,12.3667575069261,-0.140921139775366,-709.616741387445,1.58933923425364,11.6721856170249,0.538304094309038,0,1462,12.6310828492292,3.64024253613356,27.4706970778419,1.55607153541254,8.63959155214034,0.727254901954597,0
195.5,6.55131957541224,6.52203310602794,15.3326421952038,3.0011422252009,33.5105860634897,0.187498520475749,0,1059.41218261719,12.2667575069261,-0.13854869113496,-721.767915530795,1.60229907312839,11.5788337232654,0.542644057022319,0,1470.5,12.4547197226004,3.68255122081974,27.1550873303915,1.57811157977019,8.46971759442395,0.74184118149537,0
204,6.55001321668562,6.51809816345332,15.3418984329962,3.00174133222099,32.1079079249295,0.195689651342906,0,1059.31231282552,12.1667575069261,-0.136130596851666,-734.588713432031,1.61547203289643,11.485524485667,0.547052536871126,0,1479,12.2878223444383,3.72344489648052,26.8568497131573,1.59955156038156,8.30819631131732,0.756263462217511,0
212.5,6.54864434665274,6.51398854667926,15.3515774987014,3.00236936425726,30.8171498666011,0.203885996413612,0,1059.21791178386,12.0667575069261,-0.13365428672183,-748.198972533719,1.62886341492575,11.3921388344011,0.551536932485943,0,1487.5,12.1296094660552,3.76298360703516,26.5746573578059,1.62042088158798,8.15435930491105,0.770530837829953,0
221,6.54722601549563,6.50970784007028,15.3616725138498,3.00302036625659,29.6254570836906,0.212087370987386,0,1059.12351074219,11.9667575069261,-0.131116714625134,-762.679268512048,1.64247869790696,11.2987365359686,0.556096275647951,0,1496,11.9793843956067,3.80122305700242,26.3073222750728,1.64074696704907,8.00760989011144,0.784651774175296,0
229.5,6.54573981497651,6.50524665256597,15.3722072875677,3.00370282282636,28.5217421131874,0.220294583768586,0,1059.02364095052,11.8667575069261,-0.128519282921991,-778.093354759053,1.65632354533081,11.2053754496691,0.560729565501989,0,1504.5,11.8365353728257,3.83821203100055,26.0537977559129,1.66055380639109,7.86742131793002,0.798633383578946,0
238,6.5441999138527,6.50061164890317,15.3831678311183,3.00441026589881,27.4966382934987,0.228507399345075,0,1058.92923990886,11.7667575069261,-0.125870233107002,-794.4690140916,1.67040381334742,11.1119393661647,0.565444527740274,0,1513,11.7004984089069,3.87399870142808,25.813121714041,1.67986589620361,7.73331025043418,0.81248328383396,0
246.5,6.54260437177031,6.49579930040272,15.3945642984691,3.00514362264455,26.5420055649911,0.236726094107489,0,1058.83483886719,11.6667575069261,-0.123150687629942,-812.013330372074,1.68472555903003,11.0184866219627,0.570240317273298,0,1521.5,11.570779530971,3.90862519800234,25.5844433615966,1.69870419785272,7.60485016823594,0.826207639622315,0
255,6.54095117826503,6.49080944035224,15.4063989890563,3.00590385555424,25.6507889343727,0.244950957385953,0,1058.74043782552,11.5667575069261,-0.120367887155549,-830.786369713142,1.6992950490678,10.9250172126063,0.575119030469763,0,1530,11.4469257211136,3.9421330812378,25.3669772022513,1.71708936634854,7.48165079811344,0.839812693311474,0
263.5,6.53923825022879,6.48564016026738,15.4186784232379,3.00669196385191,24.8168434543787,0.253182292048144,0,1058.64603678386,11.4667575069261,-0.117516202923596,-850.946486630575,1.71411876891408,10.8315311336374,0.580082836826932,0,1538.5,11.3285202430036,3.97456052915969,25.1600143629319,1.73504181120922,7.3633540741005,0.853304790717555,0
272,6.53746593845692,6.48029076370628,15.431406343688,3.00750782958375,24.0348012443269,0.261420314788858,0,1058.55163574219,11.3667575069261,-0.114588237222636,-872.689923710997,1.72920343241789,10.7380283805962,0.585133982187403,0,1547,11.2151951208344,4.00594233775895,24.9629154811907,1.75257916674492,7.24964131922072,0.866689127160153,0
280.5,6.53563218423593,6.47475999047164,15.4445879302339,3.00835244613014,23.2999364856896,0.26966534054883,0,1058.46270345052,11.2667575069261,-0.111595933285505,-896.090001274164,1.74455599196901,10.64445395213,0.590277841910555,0,1555.5,11.1066165068636,4.03631053702237,24.7751006972251,1.76971785713598,7.14022276236809,0.879970487796902,0
289,6.53374022980773,6.46904669884992,15.4582281834166,3.00922436694864,22.6080976809956,0.277917469918809,0,1058.36830240886,11.1667575069261,-0.108517510762522,-921.5102640793,1.76018364918866,10.5509183159685,0.595510752620475,0,1564,11.0024693749264,4.0656975615486,24.596025278848,1.78647505079552,7.03482696606545,0.893154207983846,0
297.5,6.53178822799778,6.46315004581294,15.4723314933379,3.010124491178,21.9555906823455,0.286177010588556,0,1058.27937011719,11.0667575069261,-0.105361708744367,-949.111410508955,1.77609386620047,10.4573119531761,0.600841338129085,0,1572.5,10.902480573052,4.09413004981217,24.4252133623816,1.80286455106269,6.93321499081207,0.906244118422131,0
306,6.52977999176068,6.45706903023229,15.486902731223,3.01105110913964,21.3391502998715,0.29444402513147,0,1058.19043782552,10.9667575069261,-0.102123933201055,-979.202395222347,1.79229437751879,10.3636898566781,0.60626913715783,0,1581,10.8063849126033,4.1216369677381,24.2622047460135,1.81890186855377,6.83515807248785,0.91924506215445,0
314.5,6.52770213405247,6.45080070429949,15.5019515536032,3.01201045203042,20.7558096472257,0.302719354916585,0,1058.10150553386,10.8667575069261,-0.0987933905017075,-1012.21346379717,1.80879320259412,10.2700520225074,0.611796833493113,0,1589.5,10.713945142397,4.14824321065818,24.1065904099035,1.83460067123243,6.74044991657566,0.932161114605777,0
323,6.52557050365943,6.44434611802486,15.5174781379758,3.01299525740916,20.2030046552923,0.311002517416817,0,1058.01257324219,10.7667575069261,-0.0953638083566204,-1048.61583994257,1.82559865905843,10.1763984466955,0.617427210627731,0,1598,10.6249505555092,4.17397194988652,23.9579952142991,1.84997260666046,6.64890522872914,0.944995467829903,0
331.5,6.52337746399236,6.4377029164792,15.5334909512554,3.01400910626146,19.6783633906255,0.319294098927597,0,1057.92910970052,10.6667575069261,-0.0918481392631456,-1088.75368409478,1.84271937671655,10.0826770046489,0.623166377766793,0,1606.5,10.539186464318,4.19884894575668,23.8160508491403,1.86503231305984,6.56034015830562,0.957752975541193,0
340,6.52112124593646,6.43086881886098,15.5499984242738,3.01505287532115,19.1797683704013,0.327594431060802,0,1057.84564615886,10.5667575069261,-0.0882237741340936,-1133.48132044326,1.86016431233275,9.98894077344374,0.629014171741197,0,1615,10.4564792006186,4.22289243111563,23.6804516409577,1.87978937116,6.47460012422205,0.970436040316009,0
348.5,6.51880002941117,6.42384302241784,15.5670055527542,3.01612746898443,18.7053085492429,0.335903858021839,0,1057.76218261719,10.4667575069261,-0.0844869358245925,-1183.61494619257,1.87794276526618,9.8951897495792,0.634973706031941,0,1623.5,10.3766556468658,4.24612324360678,23.5508943718405,1.89425510637499,6.39153412187605,0.983048073806627,0
357,6.51641874234103,6.41662423150957,15.5845186490645,3.01723066859835,18.2532737880701,0.344222377866601,0,1057.68418782552,10.3667575069261,-0.080637250011629,-1240.1216557556,1.89606439401226,9.80137325134736,0.641051528806523,0,1632,10.2995490683756,4.26856298678971,23.4270878301383,1.90844149141533,6.31099820366153,0.995592948122563,0
365.5,6.51397583016605,6.40921077623702,15.6025450700986,3.01836325714099,17.822095294572,0.352550314838303,0,1057.60619303386,10.2667575069261,-0.0766642767154578,-1304.38848815014,1.91453923371203,9.70754291583226,0.647247749678468,0,1640.5,10.2250218567859,4.29022580037432,23.3087964720354,1.92235676956356,6.2328691598817,1.00807271033728,0
374,6.51146254112666,6.40161480988071,15.6210585875384,3.01952936210533,17.4103276500713,0.360888401037867,0,1057.52888183594,10.1667575069261,-0.0725520999514197,-1378.31985658526,1.93337771469616,9.61369252561309,0.653566284800531,0,1649,10.1529284286929,4.31113263789409,23.1957604646672,1.9360121275323,6.15702148495629,1.02049104790873,0
382.5,6.50889157406732,6.39379092196585,15.64017360287,3.02072316134169,17.0167099975616,0.369236198306249,0,1057.45840657552,10.0667575069261,-0.0683044537019273,-1464.03337674566,1.9525906821357,9.51976687151825,0.660014619263204,0,1657.5,10.0831478839372,4.33129718359623,23.08777157539,1.94941547704177,6.08334713963029,1.03285003518005,0
391,6.50625407319248,6.38578131628553,15.6597908771119,3.02194883656913,16.6400359928196,0.377594454116016,0,1057.38793131511,9.96675750692614,-0.063903378992419,-1564.86247795853,1.97218941687735,9.42582869707069,0.666592350562475,0,1666,10.015556308296,4.35073675219732,22.9846128818287,1.96257654803684,6.01173848036975,1.04515280025839,0
399.5,6.50355604373311,6.37757158489953,15.679949439811,3.02320367014238,16.2792391582806,0.385963081326413,0,1057.32429199219,9.86675750692615,-0.0593401968662249,-1685.19831886365,1.99218565754751,9.33181766621042,0.67330776617404,0,1674.5,9.95004507041365,4.36946568712409,22.8860934403672,1.97550328595624,5.94209917612042,1.0574016220446,0
408,6.50078819222229,6.3691566298321,15.700665851365,3.02449206131779,15.9333043927017,0.394342890358488,0,1057.26065266927,9.76675750692615,-0.0546019292809842,-1831.43711800722,2.01259162401613,9.23779531780356,0.680160697549804,0,1683,9.88650629201814,4.38749876711791,22.7920291965549,1.98820456854775,5.87433528937501,1.06959936702014,0
416.5,6.49795682068169,6.3605164106109,15.7219938672236,3.02581115732164,15.6013369043978,0.402733775040038,0,1057.20384928386,9.66675750692615,-0.0496693569058399,-2013.31376586119,2.03342004231901,9.1437025257469,0.687159855593218,0,1691.5,9.82484710072511,4.40484858376252,22.7022559569079,2.00068728493154,5.80836364216678,1.08174792321296,0
425,6.49506047137624,6.35170743546666,15.7437981859209,3.02716171716254,15.2824952267676,0.411136088311969,0,1057.14704589844,9.56675750692615,-0.0445366949429213,-2245.33949203373,2.0546841711454,9.04959962196709,0.694305336108762,0,1700,9.76497463096973,4.42153010499765,22.6166050270629,2.01295923153848,5.74410272409984,1.09384974624809,0
433.5,6.492097653117,6.34267029346736,15.7662302111139,3.0285445199041,14.9760038134187,0.419550194127874,0,1057.09707845052,9.46675750692614,-0.0391721055911209,-2552.83698670176,2.07639783000697,8.95542869232254,0.701606313114428,0,NaN,NaN,NaN,NaN,NaN,NaN,NaN,NaN
442,6.4890581603618,6.33341517437307,15.7892696510139,3.0299644220848,14.6811270596421,0.427977040294941,0,1057.05394694011,9.36675750692615,-0.0335759498756675,-2978.32229230453,2.09857542921378,8.8611915541685,0.709067766876548,0,NaN,NaN,NaN,NaN,NaN,NaN,NaN,NaN
450.5,6.48595781838639,6.323947818064,15.8129072024212,3.03141412300114,14.3972426601252,0.436415878755839,0,1057.01765136719,9.26675750692615,-0.0276815808257171,-3612.5104498041,2.12123200179428,8.76689002774944,0.716694892634869,0,NaN,NaN,NaN,NaN,NaN,NaN,NaN,NaN
459,6.48279540901793,6.31426433829285,15.8371576865337,3.03289427678571,14.1237372745489,0.444867047937939,0,1056.98819173177,9.16675750692615,-0.0215060865339061,-4649.84644427715,2.14438323750779,8.67252593608194,0.724493112328263,0,NaN,NaN,NaN,NaN,NaN,NaN,NaN,NaN
467.5,6.4795511599539,6.30435680007893,15.8620463865161,3.03441423881615,13.8600024811848,0.453332192090811,0,1056.96556803386,9.06675750692615,-0.0149908724983271,-6670.72580406242,2.16804551911153,8.57810110483725,0.732468087096392,0,NaN,NaN,NaN,NaN,NaN,NaN,NaN,NaN
476,6.47624196254434,6.29422797834134,15.887571969764,3.03596620085288,13.6055503414797,0.461810448639025,0,1056.94978027344,8.96675750692614,-0.00810744443797966,-12334.3429319782,2.19223596105839,8.48361736222358,0.740625730617905,0,NaN,NaN,NaN,NaN,NaN,NaN,NaN,NaN
484.5,6.47286651655383,6.28387527056639,15.9137468034095,3.03755086956729,13.3598896110502,0.470302187376058,0,1056.94766438802,8.86675750692615,-0.000808302301409927,-123716.089667899,2.21697245081771,8.38902228149588,0.748977067451442,0,NaN,NaN,NaN,NaN,NaN,NaN,NaN,NaN
493,6.46941360671491,6.27328938596166,15.9406005123531,3.03917361857641,13.1225428128091,0.478808520330866,0,1056.95238444011,8.76675750692615,0.00695517943759252,14377.7742756,2.24227369302912,8.29437317705671,0.757523826461012,0,NaN,NaN,NaN,NaN,NaN,NaN,NaN,NaN
501.5,6.46588904225286,6.2624727592081,15.9681333308738,3.04083183279922,12.8930987881413,0.487329338774529,0,1056.96394042969,8.66675750692615,0.0152655683031611,6550.68963133806,2.26815925671836,8.19967188606533,0.7662727721895,0,NaN,NaN,NaN,NaN,NaN,NaN,NaN,NaN
510,6.46229133619431,6.25141914778544,15.9963678064084,3.04252632632893,12.6711594827339,0.495865063946296,0,1056.99532063802,8.56675750692615,0.0241578586237702,4139.43973914992,2.29464962582618,8.10482065498179,0.775240511129324,0,NaN,NaN,NaN,NaN,NaN,NaN,NaN,NaN
518.5,6.45862424078551,6.24012939075203,16.0253087296878,3.04425544725115,12.4563630487667,0.504415717700336,0,1057.03422037761,8.46675750692614,0.033759061512863,2962.16765273222,2.32176625332454,8.00991807427157,0.784425664397445,0,NaN,NaN,NaN,NaN,NaN,NaN,NaN,NaN
527,6.4548756742629,6.22861626986971,16.0549302874444,3.04602501720325,12.2483409378803,0.512982561397166,0,1057.09362792969,8.36675750692615,0.0441560107948086,2264.69733565146,2.34953161922103,7.9148689253878,0.79384578145389,0,NaN,NaN,NaN,NaN,NaN,NaN,NaN,NaN
535.5,6.451060299792,6.21680937475631,16.085421632205,3.04782823971193,12.0467979454566,0.521564762323358,0,1057.16670735677,8.26675750692615,0.0554984291535598,1801.85280061365,2.37796929278141,7.81972932877869,0.803504193432347,0,NaN,NaN,NaN,NaN,NaN,NaN,NaN,NaN
544,6.44716015992148,6.20477357225091,16.1166235698304,3.04967373309253,11.8513973527968,0.530164091215522,0,1057.26713053386,8.16675750692615,0.0679060525754429,1472.62278114165,2.40710399933263,7.72440310596096,0.813420172534862,0,NaN,NaN,NaN,NaN,NaN,NaN,NaN,NaN
552.5,6.44318479762671,6.19248195931574,16.148613860645,3.05155712322363,11.6618729368809,0.538780120584994,0,1057.38806152344,8.06675750692615,0.0816147638453055,1225.2685088882,2.43696169204482,7.6289470256586,0.823597973094743,0,NaN,NaN,NaN,NaN,NaN,NaN,NaN,NaN
561,6.43913276208455,6.17992983976242,16.1814134776398,3.05347923513794,11.4779550126284,0.547413306661911,0,1057.53633626302,7.96675750692615,0.0968624315160459,1032.39200621796,2.4675696291307,7.53331798988391,0.83405284572043,0,NaN,NaN,NaN,NaN,NaN,NaN,NaN,NaN
569.5,6.43500257448969,6.16711205766527,16.2150450753862,3.05544091371966,11.2993899464262,0.556064118237363,0,1057.71879069011,7.86675750692615,0.113908175577878,877.900111143739,2.49895645694554,7.43747541990202,0.844800816466075,0,NaN,NaN,NaN,NaN,NaN,NaN,NaN,NaN
578,6.43079272751496,6.15402233524076,16.2495347843237,3.05744302425791,11.1259389749394,0.564733037034641,0,1057.93542480469,7.76675750692615,0.133309781925481,750.132500073392,2.53115229952106,7.34142871561373,0.855853206585869,0,NaN,NaN,NaN,NaN,NaN,NaN,NaN,NaN
586.5,6.42649551799314,6.14065362236847,16.2849113709543,3.05948939164905,10.957366612094,0.573421108338624,0,1058.19307454427,7.66675750692615,0.155448562776067,643.299611229316,2.56418885512194,7.24514050541104,0.867227530299376,0,NaN,NaN,NaN,NaN,NaN,NaN,NaN,NaN
595,6.42211542772126,6.12699916536984,16.3212034637128,3.0615780498765,10.7934713070946,0.582128318907898,0,1058.50541178385,7.56675750692615,0.181065848449757,552.285264483481,2.59809950047648,7.14852982581752,0.8789479040134,0,NaN,NaN,NaN,NaN,NaN,NaN,NaN,NaN
603.5,6.4176572743171,6.11305897321119,16.3584222626058,3.06370686463113,10.6340634205752,0.590854601734147,0,1058.88610839844,7.46675750692615,0.21101032292337,473.910463784824,2.63291940340277,7.05152088378947,0.891039736069394,0,NaN,NaN,NaN,NaN,NaN,NaN,NaN,NaN
612,6.41311313602063,6.09881991172852,16.3966146643701,3.06587978835534,10.4789430327134,0.599601055904643,0,1059.33516438802,7.36675750692615,0.246620832357666,405.48074971612,2.66868564463027,6.95413288879344,0.903518153543617,0,NaN,NaN,NaN,NaN,NaN,NaN,NaN,NaN
620.5,6.40847469797923,6.08427039744158,16.4358244239194,3.06810098720417,10.3279205446885,0.608368865735603,0,1059.8867594401,7.26675750692615,0.289559866957783,345.351726572591,2.70543734970518,6.85616405922919,0.916428669573869,0,NaN,NaN,NaN,NaN,NaN,NaN,NaN,NaN
629,6.40375359246297,6.06940781006532,16.4760719874784,3.07036508189873,10.1808483187011,0.617157343915839,0,1060.55712890625,7.16675750692615,0.342282467621365,292.156360490601,2.74321583196734,6.75754026972333,0.929803605511748,0,NaN,NaN,NaN,NaN,NaN,NaN,NaN,NaN
637.5,6.39894143046825,6.05422353996992,16.5173947310999,3.07267628753468,10.0375551850482,0.625967697446776,0,1061.38694661458,7.06675750692615,0.408298313214665,244.918964304965,2.78206474769877,6.65804071688123,0.943698840899063,0,NaN,NaN,NaN,NaN,NaN,NaN,NaN,NaN
646,6.3940364557788,6.03870344832814,16.5598461417551,3.07503565493471,9.89788925043159,0.634800526476452,0,1062.41965494792,6.96675750692615,0.49284087984366,202.905246073991,2.82203026467042,6.55744410834312,0.958175960537035,0,NaN,NaN,NaN,NaN,NaN,NaN,NaN,NaN
654.5,6.38903687830604,6.02283701396874,16.6034710499504,3.07744426123005,9.76170646036064,0.643656448049705,0,1063.74166015625,6.86675750692615,0.603784216030659,165.622083759344,2.86316124545745,6.45528680893959,0.973339449221424,0,NaN,NaN,NaN,NaN,NaN,NaN,NaN,NaN
663,6.38394819703554,6.0066173495974,16.6483053905045,3.07989967399466,9.6288811418334,0.652535348045975,0,1065.45686848958,6.76675750692615,0.753600911419062,132.696230172673,2.90550944705578,6.35103842027773,0.989316217505234,0,NaN,NaN,NaN,NaN,NaN,NaN,NaN,NaN
671.5,6.37875391568985,5.99002163943288,16.694430507845,3.08241008764924,9.49926122962004,0.661439364104203,0,1067.76871744792,6.66675750692615,0.961595371987101,103.993844930174,2.94912973851725,6.24363441069937,1.00633459518585,0,NaN,NaN,NaN,NaN,NaN,NaN,NaN,NaN
680,6.37346706048229,5.97304987382368,16.7418658997375,3.08496945060058,9.37274567717984,0.67036763010411,0,1071,6.56675750692615,1.25895932753515,79.4306835914905,2.9940803385308,6.13142624362852,1.02475102162548,0,NaN,NaN,NaN,NaN,NaN,NaN,NaN,NaN
688.5,6.36807049270328,5.95561567039295,16.7908752905478,3.08758631453304,9.24919461540055,0.679322424107894,0,1079.5,6.41158947062437,2.01000921527611,49.7510156868924,3.06660906775899,5.93940664254226,1.05788097790357,0,NaN,NaN,NaN,NaN,NaN,NaN,NaN,NaN
697,6.36257774585985,5.93787396385087,16.8410445571578,3.0902543820321,9.12851900410308,0.688302812795309,0,1088,6.32465406424602,2.64236237641037,37.8449227451722,3.1088022141243,5.81310116199083,1.08086632798727,0,NaN,NaN,NaN,NaN,NaN,NaN,NaN,NaN
705.5,6.35697101379139,5.91963441895375,16.89293509069,3.09298257928548,9.01058967227695,0.697311223316625,0,1096.5,6.26700023711693,3.13341680800546,31.9140433996886,3.13743040588812,5.7154584925827,1.09933180607184,0,NaN,NaN,NaN,NaN,NaN,NaN,NaN,NaN
714,6.3512561440683,5.90091979091634,16.9465106361785,3.0957683598396,8.89531672838697,0.706347564570525,0,1105,6.22458477478837,3.50144190832582,28.5596627384328,3.15883104563261,5.63310839347364,1.11540287675968,0,NaN,NaN,NaN,NaN,NaN,NaN,NaN,NaN
722.5,6.34543105102779,5.88176135802007,17.0017098472799,3.09861304161321,8.78260353083431,0.715412609156309,0,1113.5,6.19108202295102,3.77352731397616,26.500404443775,3.1759423941229,5.56001977813293,1.13006527996371,0,NaN,NaN,NaN,NaN,NaN,NaN,NaN,NaN
731,6.33948507592956,5.86206419518392,17.0588374112581,3.10152215557388,8.672346205102,0.724508127164383,0,1122,6.16323495841053,3.97394989088538,25.163880457919,3.19030692529519,5.49307928557088,1.14383663161101,0,NaN,NaN,NaN,NaN,NaN,NaN,NaN,NaN
739.5,6.33342442015927,5.84183121523575,17.1179201034079,3.10449300753346,8.56446845187189,0.73363400688414,0,1130.5,6.1391676478844,4.1216839706578,24.2619280643296,3.20282686792942,5.43048885261778,1.15702020162527,0,NaN,NaN,NaN,NaN,NaN,NaN,NaN,NaN
748,6.32723799394452,5.82104269121568,17.1790528440732,3.10753138886656,8.45887432345524,0.742792133671642,0,1139,6.11774616763327,4.2304992353713,23.6378721366731,3.21405342430586,5.37115554664905,1.16980140541629,0,NaN,NaN,NaN,NaN,NaN,NaN,NaN,NaN
756.5,6.32091412515518,5.79957249222326,17.2426502357013,3.11064342950658,8.35547141461359,0.751984537484072,0,1147.5,6.09823016998906,4.31051150560156,23.1991029069401,3.22435012531237,5.31436180391203,1.1823028877248,0,NaN,NaN,NaN,NaN,NaN,NaN,NaN,NaN
765,6.31446828721683,5.77747232314323,17.3086073644045,3.11382191673853,8.25420691139455,0.761210056232772,0,1156,6.08013746241111,4.36837772351385,22.8917933222042,3.23395503339952,5.25963448305459,1.19460493451069,0,NaN,NaN,NaN,NaN,NaN,NaN,NaN,NaN
773.5,6.3078698012609,5.75465044815266,17.3772500868583,3.11708241432222,8.15497065450666,0.770473073831029,0,1164.5,6.06309921567473,4.4098657896825,22.6764270772058,3.24305265133995,5.20661160641883,1.20677050299537,0,NaN,NaN,NaN,NaN,NaN,NaN,NaN,NaN
782,6.30113438383371,5.73106652758782,17.4487592350615,3.12041762680946,8.05771660336792,0.779772436344234,0,1173,6.04687745994267,4.43843704803325,22.5304536073823,3.25176202057751,5.15505324803297,1.21884004002812,0,NaN,NaN,NaN,NaN,NaN,NaN,NaN,NaN
790.5,6.29423946067156,5.70662012147499,17.5235074126772,3.12383922712944,7.96235225891405,0.789111697506903,0,1181.5,6.03128706051097,4.45693979075893,22.4369196566983,3.26017663945889,5.10477110496061,1.23084564968522,0,NaN,NaN,NaN,NaN,NaN,NaN,NaN,NaN
799,6.28719387939831,5.68126953289776,17.6016996590187,3.12734335541771,7.8688283847288,0.798490575721984,0,1190,6.0161825790466,4.46746865494795,22.3840406556059,3.26837065483112,5.0556156126442,1.24281309905468,0,NaN,NaN,NaN,NaN,NaN,NaN,NaN,NaN
807.5,6.27997370669459,5.65488819636265,17.6838155817691,3.13094248647576,7.7770572219128,0.807912958320012,0,1198.5,6.00146391841117,4.47159133472528,22.3634032080313,3.27639511001248,5.00747928111069,1.25476012070207,0,NaN,NaN,NaN,NaN,NaN,NaN,NaN,NaN
816,6.272574616137,5.62738101622358,17.7702557747028,3.13463941409193,7.68697869624632,0.817380346097195,0,1207,5.98703080079105,4.47057965699731,22.3684639739012,3.2843022674571,4.96025749858413,1.2667054702247,0,NaN,NaN,NaN,NaN,NaN,NaN,NaN,NaN
824.5,6.26498675483643,5.59862366159928,17.8615327702585,3.13843974324145,7.59852850798839,0.826895010076494,0,1215.5,5.97283496151176,4.4651627496847,22.3956002515387,3.29211677137447,4.9138913710504,1.27865775466593,0,NaN,NaN,NaN,NaN,NaN,NaN,NaN,NaN
833,6.25719419171121,5.56845547081779,17.958301098763,3.14235220372038,7.51163768512751,0.836460113034982,0,1224,5.95881212689532,4.45628406706583,22.4402211562432,3.29987265609564,4.86831056118899,1.29062951679176,0,NaN,NaN,NaN,NaN,NaN,NaN,NaN,NaN
841.5,6.2491856969662,5.53670621104892,18.061279791303,3.14638326044347,7.42624562919335,0.846078304019427,0,1232.5,5.94491716379123,4.44446712145935,22.4998851981978,3.30759396665149,4.82346220185901,1.30262973860518,0,NaN,NaN,NaN,NaN,NaN,NaN,NaN,NaN
850,6.24094355595116,5.50315684080217,18.1713883308882,3.15054274139861,7.34228653641313,0.855753214753869,0,1241,5.93111437458246,4.43013515767588,22.5726747471203,3.31529993553704,4.779302477504,1.31466575651035,0,NaN,NaN,NaN,NaN,NaN,NaN,NaN,NaN
858.5,6.23244284190868,5.46751900205074,18.2898312676174,3.15484425596123,7.25968880828034,0.86548961988743,0,1249.5,5.91737610129379,4.41366399883023,22.6569127207018,3.3230056438324,4.73579519911468,1.32674345975818,0,NaN,NaN,NaN,NaN,NaN,NaN,NaN,NaN
867,6.22366921675862,5.42954699268081,18.41774279416,3.1592962097427,7.1783958670803,0.87529100143305,0,1258,5.90368018824122,4.39542618928691,22.7509223664665,3.3307233505946,4.69290952960352,1.33886776796876,0,NaN,NaN,NaN,NaN,NaN,NaN,NaN,NaN
875.5,6.21458821484855,5.38879248776156,18.5570329952599,3.16391739292123,7.09833034248835,0.885163834876835,0,1266.5,5.88999669877057,4.37560393433857,22.8539880438508,3.33846996034838,4.65060931604467,1.35104561148633,0,NaN,NaN,NaN,NaN,NaN,NaN,NaN,NaN
884,6.20516246298804,5.34475759804971,18.7099224175274,3.16872834178577,7.01941455089144,0.895115292254913,0,1275,5.87631045991845,4.35441771428539,22.9651830764728,3.34625427630356,4.60887094895565,1.36328080711466,0,NaN,NaN,NaN,NaN,NaN,NaN,NaN,NaN
892.5,6.19536506588204,5.29694751834224,18.8787975817621,3.17374452009615,6.94158550799109,0.905151323130205,0,1283.5,5.86260400321176,4.33203319088829,23.083848990431,3.35408657948799,4.56766965579413,1.37557787245172,0,NaN,NaN,NaN,NaN,NaN,NaN,NaN,NaN
901,6.18513113924191,5.24448577999214,19.0676463232111,3.17900119304635,6.86474044310978,0.915283740040906,0,1292,5.84886857965773,4.30860767279396,23.2093538317342,3.36197232411259,4.52698806475057,1.38793944611952,0,NaN,NaN,NaN,NaN,NaN,NaN,NaN,NaN
909.5,6.1744112509974,5.18651915292673,19.2807540185348,3.1845261962681,6.78879741725938,0.925522580951619,0,1300.5,5.8350859205217,4.28424356051319,23.3413433637796,3.36992256886172,4.48680193811742,1.40037055208546,0,NaN,NaN,NaN,NaN,NaN,NaN,NaN,NaN
918,6.16311951324571,5.12175909348933,19.5245418955995,3.19036674672564,6.71363781399315,0.935883865239739,0,1309,5.82125136135775,4.2590749759856,23.4792767358736,3.37794067650431,4.44709806062471,1.41287311894736,0,NaN,NaN,NaN,NaN,NaN,NaN,NaN,NaN
926.5,6.15116752862109,5.04869409424289,19.8071022195684,3.19657220078754,6.63914466122082,0.946384757042516,0,1317.5,5.8073553722995,4.23317715964866,23.6229187271481,3.38603291133567,4.40785986512296,1.42545033178007,0,NaN,NaN,NaN,NaN,NaN,NaN,NaN,NaN
935,6.138420398535,4.96517133544888,20.140291894068,3.20321716487603,6.56515550645454,0.95705049194985,0,1326,5.79338361490885,4.20660647896199,23.7721309326457,3.39420847609992,4.36906758288752,1.43810668706274,0,NaN,NaN,NaN,NaN,NaN,NaN,NaN,NaN
943.5,6.12473403699678,4.86860719889079,20.5397551938022,3.21038258202369,6.49150401377508,0.967909022908492,0,1334.5,5.7793348276365,4.1794502965968,23.9265915140628,3.4024690420916,4.33071174794792,1.45084357326641,0,NaN,NaN,NaN,NaN,NaN,NaN,NaN,NaN
952,6.10987102632837,4.75521613273172,21.0295383445701,3.21820044458214,6.41793175034493,0.979004693660368,0,1343,5.76520038379428,4.1517398503311,24.0862875818255,3.41082067345056,4.29277764988405,1.46366427978148,0,NaN,NaN,NaN,NaN,NaN,NaN,NaN,NaN
960.5,6.09353307098681,4.62003985872374,21.644834905737,3.22683819229219,6.34412604996024,0.990394146916258,0,1351.5,5.75097024614702,4.12358526464082,24.2507414257895,3.41927039161041,4.25524990465928,1.47657257457425,0,NaN,NaN,NaN,NaN,NaN,NaN,NaN,NaN
969,6.07530239686229,4.45631844592609,22.440048038178,3.23653153570059,6.26966191626655,1.00215695696094,0,1360,5.73664775967156,4.09498597844793,24.4201080360968,3.42781735049063,4.21812335269967,1.48956888687436,0,NaN,NaN,NaN,NaN,NaN,NaN,NaN,NaN
977.5,6.05456264078214,4.25476322377996,23.5030704978124,3.2476300633288,6.1939259752247,1.01441078442202,0,1368.5,5.72222276394778,4.06599234582772,24.5942420680192,3.4364688054483,4.18138309386027,1.50265717494422,0,NaN,NaN,NaN,NaN,NaN,NaN,NaN,NaN
986,6.03037457056841,4.00260641973577,24.9837204844641,3.26067048836412,6.11599855027223,1.02733597065681,0,1377,5.70768717558508,4.03661199713457,24.7732504563198,3.44523090248296,4.14501610427384,1.5158409880968,0,NaN,NaN,NaN,NaN,NaN,NaN,NaN,NaN
994.5,6.00126245813523,3.682860057619,27.1528101626134,3.27650521749646,6.03445194382628,1.04121888212363,0,1385.5,5.69304648441608,4.00692591920653,24.9567878259657,3.4541016675311,4.10901947630175,1.52912035180584,0,NaN,NaN,NaN,NaN,NaN,NaN,NaN,NaN
1003,5.964712144813,3.27409788149746,30.5427643336868,3.29660496594848,5.94687153022234,1.05655305907452,0,1394,5.6782917825593,3.97694203668757,25.1449478210879,3.46308787574914,4.07338004487755,1.54249916235559,0,NaN,NaN,NaN,NaN,NaN,NaN,NaN,NaN
1011.5,5.91612404680993,2.7534899795779,36.3175463654056,3.32370969547774,5.84886213228861,1.07425772142812,0,1402.5,5.66342042351088,3.94669003092718,25.3376878387653,3.47219259953079,4.03808942852826,1.55597973209563,0,NaN,NaN,NaN,NaN,NaN,NaN,NaN,NaN
1020,5.84607060239826,2.10847380189714,47.4276701517577,3.36358324217159,5.73144176705712,1.09626609892362,0,1411,5.64842674351778,3.91619439539173,25.5349939006277,3.48142083725363,4.00313730936766,1.5695652738357,0,NaN,NaN,NaN,NaN,NaN,NaN,NaN,NaN
1028.5,5.73207641440522,1.36820764453696,73.0883213518683,3.43055431349627,5.57323910005369,1.12738484647448,0,1419.5,5.6333136587868,3.88548293032857,25.7368264880123,3.49077237016706,3.9685196609981,1.58325669113589,0,NaN,NaN,NaN,NaN,NaN,NaN,NaN,NaN
1037,5.50720783034709,0.657927420894634,151.992449051633,3.57080769069132,5.31071150467414,1.18311553953732,0,1428,5.61807564576705,3.85457156368535,25.9432204974786,3.50025223841593,3.93422664269402,1.5970572816001,0,NaN,NaN,NaN,NaN,NaN,NaN,NaN,NaN
1045.5,4.95048887024338,0.230673296501997,433.513551487891,3.97298342754278,4.73504435221749,1.32695384452673,0,1436.5,5.6027165232141,3.8235031536685,26.1540257666726,3.50985973139171,3.90025515016645,1.61096776115056,0,NaN,NaN,NaN,NaN,NaN,NaN,NaN,NaN
1054,4.11180163876329,0.18579114752272,538.238776892053,4.78508404280212,3.90114007472798,1.61060233337499,0,1445,5.58722101223023,3.79225779859959,26.3695152889997,3.51960616665949,3.86658893579947,1.62499438432817,0,NaN,NaN,NaN,NaN,NaN,NaN,NaN,NaN
1062.5,3.57305952938262,0.232593241252585,429.935106718792,5.50865772683147,3.36287955706599,1.86839439253111,0,1453.5,5.57159947491111,3.76088784213831,26.5894661573166,3.52948685058749,3.83322977290066,1.63913610178004,0,NaN,NaN,NaN,NaN,NaN,NaN,NaN,NaN
1071,3.24045969422707,0.28128124754816,355.516056870724,6.07609362175921,3.02563930366673,2.07664717323214,0,1462,5.55584503988949,3.72939597846964,26.8139936272026,3.53950797487885,3.80016760594357,1.65339689158776,0,NaN,NaN,NaN,NaN,NaN,NaN,NaN,NaN
1079.5,3.01081442707328,0.325569675121312,307.153914020827,6.54148986234229,2.78908237802064,2.2527786761317,0,1470.5,5.5399581959221,3.69780611806637,27.0430619689415,3.54967114928715,3.76739761708405,1.66777864876465,0,NaN,NaN,NaN,NaN,NaN,NaN,NaN,NaN
1088,2.8396753337632,0.365674601813712,273.46717410509,6.93760880472279,2.60999571117941,2.40735464823439,0,1479,5.52393784485023,3.66613875204765,27.2766544758152,3.55997904298367,3.73491402626791,1.68228378564795,0,NaN,NaN,NaN,NaN,NaN,NaN,NaN,NaN
1096.5,2.7055195949366,0.402272131362651,248.587938869296,7.2834368957819,2.46741413126913,2.54646564091282,0,1487.5,5.50777775244921,3.63438639655748,27.5149610109483,3.57043771920542,3.70270773273896,1.6969163543815,0,NaN,NaN,NaN,NaN,NaN,NaN,NaN,NaN
1105,2.59654187108069,0.435942542095772,229.388027879213,7.59088936578333,2.34981164803682,2.67391018868638,0,1496,5.4914877962289,3.60259947877299,27.7577345439629,3.58104286241528,3.67078061245247,1.71167551824399,0,NaN,NaN,NaN,NaN,NaN,NaN,NaN,NaN
1113.5,2.50567409324836,0.467135628519805,214.07059084075,7.86788380637997,2.25026860641972,2.79219346937271,0,1504.5,5.47505738931528,3.5707693558983,28.0051692038908,3.59180349341629,3.63912089685296,1.72656679601196,0,NaN,NaN,NaN,NaN,NaN,NaN,NaN,NaN
1122,2.4283606720113,0.496203289507299,201.530304442952,8.12004312240012,2.16431432443075,2.90308354764143,0,1513,5.45848958024231,3.53892386746032,28.2571775333963,3.60271983696824,3.60772609401343,1.74159155752033,0,NaN,NaN,NaN,NaN,NaN,NaN,NaN,NaN
1130.5,2.36153668072694,0.52341835574552,191.051763665352,8.35143263676887,2.08893116384514,3.00784698697969,0,1521.5,5.44178523323637,3.50707421888531,28.5137963324266,3.61379357237849,3.57659233206465,1.75675188107125,0,NaN,NaN,NaN,NaN,NaN,NaN,NaN,NaN
1139,2.30302969499258,0.549001997684306,182.148699680148,8.56516983772277,2.02197514924722,3.10744932227224,0,1530,5.42494686619678,3.47523083731905,28.7750669469613,3.6250253099347,3.54571690601097,1.77204934114392,0,NaN,NaN,NaN,NaN,NaN,NaN,NaN,NaN
1147.5,2.25124661017495,0.57313791612327,174.478074450918,8.76371857799058,1.96187068424833,3.2026500816933,0,1538.5,5.40796876509859,3.44341896095718,29.0409041519022,3.63642121300797,3.51509182001858,1.78748824465882,0,NaN,NaN,NaN,NaN,NaN,NaN,NaN,NaN
1156,2.20502399230964,0.595968002907347,167.794243167693,8.94891989372633,1.90746020095989,3.29400597926903,0,1547,5.39085399738957,3.41164437259654,29.3113786428718,3.64798164568534,3.48471493043929,1.80307010260593,0,NaN,NaN,NaN,NaN,NaN,NaN,NaN,NaN
1164.5,2.16342495207639,0.617627169343103,161.909975732379,9.12244729950732,1.85781447151257,3.38203055446329,0,1555.5,5.37359832395264,3.3799148188073,29.5865444429419,3.65971195855168,3.45457944323539,1.81879890459114,0,NaN,NaN,NaN,NaN,NaN,NaN,NaN,NaN
1173,2.125756667995,0.638214826688411,156.687052412873,9.28551394321003,1.81223927365303,3.46708373365854,0,1564,5.35620970963766,3.3482635201384,29.8662274933087,3.67160925771396,3.42468651511359,1.83467458392208,0,NaN,NaN,NaN,NaN,NaN,NaN,NaN,NaN
1181.5,2.09144032079712,0.657827724571264,152.015484092244,9.43925255169494,1.77015685213467,3.54950766063614,0,1572.5,5.33868092626532,3.31669275440695,30.150516615423,3.68368106364654,3.39502761606698,1.85070226747034,0,NaN,NaN,NaN,NaN,NaN,NaN,NaN,NaN
1190,2.06002819774279,0.676541258305369,147.810645355886,9.58453325020664,1.73111613255696,3.62955736418384,0,1581,5.32101977354728,3.28521123977369,30.4394429159717,3.69592463593671,3.36560390483699,1.86688198755341,0,NaN,NaN,NaN,NaN,NaN,NaN,NaN,NaN
1198.5,2.03114063530582,0.694427158313264,144.003584541388,9.722161634641,1.69473561560769,3.70747227432674,0,1589.5,5.30322663366793,3.25384366073211,30.732884067792,3.70834234591891,3.33641184880021,1.88321633896578,0,NaN,NaN,NaN,NaN,NaN,NaN,NaN,NaN
1207,2.00447012870881,0.711546629132646,140.53892732497,9.85280161602603,1.66070433198742,3.78344608739612,0,1598,5.28529684432829,3.22259622352025,31.0308810238608,3.72094017582345,3.30744483374736,1.89970978293255,0,NaN,NaN,NaN,NaN,NaN,NaN,NaN,NaN
1215.5,1.97976395782821,0.72795070046962,137.371940071611,9.97700818878713,1.62876508254069,3.85763752829139,0,1606.5,5.26723746764966,3.19149459240364,31.3332819795524,3.73371593899152,3.27870368356655,1.91636265841041,0,NaN,NaN,NaN,NaN,NaN,NaN,NaN,NaN
1224,1.95678131357946,0.743698142717657,134.463156832119,10.0954099448365,1.59867754377407,3.9302392978803,0,1615,5.24903665885193,3.16052381691508,31.6403247666736,3.74668089143056,3.25017749774113,1.93318220667837,0,NaN,NaN,NaN,NaN,NaN,NaN,NaN,NaN
1232.5,1.93536869684051,0.758817761405936,131.7839474589,10.2082942675321,1.57027886153389,4.0013181487026,0,1623.5,5.23071662091375,3.12973119990316,31.9516257508294,3.75982208446072,3.22187657586311,1.95016325400249,0,NaN,NaN,NaN,NaN,NaN,NaN,NaN,NaN
1241,1.91534318172834,0.773359928992644,129.305897876371,10.3161874313814,1.54338693128794,4.07103700297392,0,1632,5.2122732205042,3.09911382370192,32.2672885504248,3.77314528133082,3.19379486550502,1.96731022866932,0,NaN,NaN,NaN,NaN,NaN,NaN,NaN,NaN
1249.5,1.89657418428339,0.787356950744179,127.00719782239,10.419413836831,1.51786649402432,4.1394848176146,0,1640.5,5.1936966955171,3.06868996557797,32.5871955530592,3.78666050517585,3.16592300854441,1.98462985051187,0,NaN,NaN,NaN,NaN,NaN,NaN,NaN,NaN
1258,1.87895135753764,0.80083719325125,124.869325304459,10.5182457404267,1.49360203301879,4.20673323166302,0,1649,5.17499783296193,3.03846428966656,32.9113626051449,3.80036294123928,3.1382643013717,2.00212114206993,0,NaN,NaN,NaN,NaN,NaN,NaN,NaN,NaN
1266.5,1.86235941558934,0.813835638687969,122.874933520011,10.613035489243,1.47047723299593,4.27288853318615,0,1657.5,5.15617392918599,3.00844728028128,33.2397382049687,3.81425761204932,3.11081383359638,2.01978827512017,0,NaN,NaN,NaN,NaN,NaN,NaN,NaN,NaN
1275,1.8467131382273,0.826375390036568,121.010380035125,10.7040107235149,1.44840246135475,4.33801065299398,0,1666,5.13723816074057,2.978673220314,33.5719941744595,3.8283378191604,3.08357632697513,2.03762924634434,0,NaN,NaN,NaN,NaN,NaN,NaN,NaN,NaN
1283.5,1.83192573985842,0.838484692314592,119.262761642023,10.7914461357985,1.42728924024808,4.40218081241016,0,1674.5,5.1181844037665,2.94912459663,33.9083672877948,3.8426111571809,3.0565448813177,2.05564961456442,0,NaN,NaN,NaN,NaN,NaN,NaN,NaN,NaN
1292,1.81793734666509,0.8501809702211,117.622016373754,10.8754903476021,1.40707224974078,4.46543189828177,0,1683,5.09902515446661,2.91984847929852,34.2483525117798,3.85707132315199,3.0297237994454,2.07384755941441,0,NaN,NaN,NaN,NaN,NaN,NaN,NaN,NaN
1300.5,1.80467843727333,0.861487941037599,116.078235383721,10.95637682035,1.38768045926439,4.52783294974862,0,1691.5,5.07974190105446,2.8908206403319,34.5922533569979,3.87173547071814,3.0030989660387,2.09223384851268,0,NaN,NaN,NaN,NaN,NaN,NaN,NaN,NaN
1309,1.79208895981272,0.87242656301444,114.622828143238,11.0343080734535,1.3690519173512,4.58944268478591,0,1700,5.06035914438133,2.86207227991445,34.9397185744691,3.88658817184876,2.97668184963608,2.11080176672148,0,NaN,NaN,NaN,NaN,NaN,NaN,NaN,NaN
1317.5,1.78012480787589,0.883011802945794,113.248769344184,11.1094095264489,1.35113837409935,4.65029002774632,0,NaN,NaN,NaN,NaN,NaN,NaN,NaN,NaN,NaN,NaN,NaN,NaN,NaN,NaN,NaN,NaN
1326,1.76873498488794,0.893262839621979,111.949132511008,11.1818681364192,1.33388762057914,4.71043078160632,0,NaN,NaN,NaN,NaN,NaN,NaN,NaN,NaN,NaN,NaN,NaN,NaN,NaN,NaN,NaN,NaN
1334.5,1.75788948754693,0.903189154235712,110.718778598068,11.2517537870546,1.31726450921463,4.76987367626391,0,NaN,NaN,NaN,NaN,NaN,NaN,NaN,NaN,NaN,NaN,NaN,NaN,NaN,NaN,NaN,NaN
1343,1.74753450006491,0.912815715604803,109.551137530255,11.3193043144494,1.30121705142585,4.82869887102586,0,NaN,NaN,NaN,NaN,NaN,NaN,NaN,NaN,NaN,NaN,NaN,NaN,NaN,NaN,NaN,NaN
1351.5,1.73764783812758,0.922147585332447,108.442511362158,11.3845661678723,1.28571797123757,4.88690789717412,0,NaN,NaN,NaN,NaN,NaN,NaN,NaN,NaN,NaN,NaN,NaN,NaN,NaN,NaN,NaN,NaN
1360,1.72819142460097,0.931202225707649,107.388059477636,11.447700859492,1.27072898867719,4.9445517991372,0,NaN,NaN,NaN,NaN,NaN,NaN,NaN,NaN,NaN,NaN,NaN,NaN,NaN,NaN,NaN,NaN
1368.5,1.71914653590618,0.939987336997414,106.384411857534,11.5087513285582,1.25622691699392,5.00163244568495,0,NaN,NaN,NaN,NaN,NaN,NaN,NaN,NaN,NaN,NaN,NaN,NaN,NaN,NaN,NaN,NaN
1377,1.7104798057048,0.948516822669182,105.427755850017,11.567867687061,1.24217850813711,5.05819837166758,0,NaN,NaN,NaN,NaN,NaN,NaN,NaN,NaN,NaN,NaN,NaN,NaN,NaN,NaN,NaN,NaN
1385.5,1.70217542353734,0.956798851966022,104.515175571669,11.6250890962221,1.2285640011096,5.11425151762939,0,NaN,NaN,NaN,NaN,NaN,NaN,NaN,NaN,NaN,NaN,NaN,NaN,NaN,NaN,NaN,NaN
1394,1.69420404790578,0.964845163714929,103.643572835015,11.680554807807,1.2153544102624,5.16983791240207,0,NaN,NaN,NaN,NaN,NaN,NaN,NaN,NaN,NaN,NaN,NaN,NaN,NaN,NaN,NaN,NaN
1402.5,1.68654551373729,0.972667269343602,102.810080231737,11.7343481862814,1.20252799553461,5.224980483208,0,NaN,NaN,NaN,NaN,NaN,NaN,NaN,NaN,NaN,NaN,NaN,NaN,NaN,NaN,NaN,NaN
1411,1.67918754337925,0.980270160673382,102.012694063141,11.7865026053991,1.19006913067275,5.27968094057499,0,NaN,NaN,NaN,NaN,NaN,NaN,NaN,NaN,NaN,NaN,NaN,NaN,NaN,NaN,NaN,NaN
1419.5,1.67211205369475,0.987662593199847,101.2491519761,11.8370971302932,1.17795847389556,5.3339616348281,0,NaN,NaN,NaN,NaN,NaN,NaN,NaN,NaN,NaN,NaN,NaN,NaN,NaN,NaN,NaN,NaN
1428,1.66530819993624,0.994850417162949,100.517623830499,11.8861637040527,1.16618221284051,5.38782467953737,0,NaN,NaN,NaN,NaN,NaN,NaN,NaN,NaN,NaN,NaN,NaN,NaN,NaN,NaN,NaN,NaN
1436.5,1.65874811217849,1.0018464817612,99.8156921449728,11.9338619638699,1.15471501021823,5.44132989662283,0,NaN,NaN,NaN,NaN,NaN,NaN,NaN,NaN,NaN,NaN,NaN,NaN,NaN,NaN,NaN,NaN
1445,1.65242866240549,1.00865425073415,99.1420002713668,11.980176717161,1.14354924733944,5.49445974609132,0,NaN,NaN,NaN,NaN,NaN,NaN,NaN,NaN,NaN,NaN,NaN,NaN,NaN,NaN,NaN,NaN
1453.5,1.64633562358323,1.01528088726944,98.4949103779018,12.0251764082693,1.13266984766648,5.54723454510965,0,NaN,NaN,NaN,NaN,NaN,NaN,NaN,NaN,NaN,NaN,NaN,NaN,NaN,NaN,NaN,NaN
1462,1.64045567748833,1.02173320583044,97.8729079463774,12.0689264827966,1.12206270690036,5.59967394740045,0,NaN,NaN,NaN,NaN,NaN,NaN,NaN,NaN,NaN,NaN,NaN,NaN,NaN,NaN,NaN,NaN
1470.5,1.63478137159805,1.02801608675781,97.2747423781893,12.1114517256023,1.11171803576882,5.65177959250648,0,NaN,NaN,NaN,NaN,NaN,NaN,NaN,NaN,NaN,NaN,NaN,NaN,NaN,NaN,NaN,NaN
1479,1.62929339240264,1.0341383737445,96.6988582368445,12.1528688541395,1.10161825044127,5.70359587330978,0,NaN,NaN,NaN,NaN,NaN,NaN,NaN,NaN,NaN,NaN,NaN,NaN,NaN,NaN,NaN,NaN
1487.5,1.62399500037915,1.04010123585306,96.1444872411704,12.1931269534804,1.09176134479271,5.75509046656398,0,NaN,NaN,NaN,NaN,NaN,NaN,NaN,NaN,NaN,NaN,NaN,NaN,NaN,NaN,NaN,NaN
1496,1.61887059119921,1.0459121020024,95.6103288302624,12.2323196554778,1.08213274812781,5.80629808870498,0,NaN,NaN,NaN,NaN,NaN,NaN,NaN,NaN,NaN,NaN,NaN,NaN,NaN,NaN,NaN,NaN
1504.5,1.61391445180313,1.05157566907407,95.0953915547055,12.2704677315772,1.07272479348829,5.85722017922969,0,NaN,NaN,NaN,NaN,NaN,NaN,NaN,NaN,NaN,NaN,NaN,NaN,NaN,NaN,NaN,NaN
1513,1.60912105673047,1.05709505489735,94.5988721985936,12.3075919922079,1.06353011019859,5.90785841127367,0,NaN,NaN,NaN,NaN,NaN,NaN,NaN,NaN,NaN,NaN,NaN,NaN,NaN,NaN,NaN,NaN
1521.5,1.60446867828533,1.06247822983278,94.1195755283747,12.3438412867012,1.05453084343433,5.9582755177809,0,NaN,NaN,NaN,NaN,NaN,NaN,NaN,NaN,NaN,NaN,NaN,NaN,NaN,NaN,NaN,NaN
1530,1.59996906959137,1.06772775373345,93.6568330741023,12.3791056227924,1.04573141803357,6.00841210164144,0,NaN,NaN,NaN,NaN,NaN,NaN,NaN,NaN,NaN,NaN,NaN,NaN,NaN,NaN,NaN,NaN
1538.5,1.59560952440046,1.07284590610097,93.2100308453697,12.4134665351223,1.03712026285372,6.05829963237905,0,NaN,NaN,NaN,NaN,NaN,NaN,NaN,NaN,NaN,NaN,NaN,NaN,NaN,NaN,NaN,NaN
1547,1.5913782324311,1.07783977928469,92.7781678890767,12.4470009943495,1.02868664022696,6.10796822032542,0,NaN,NaN,NaN,NaN,NaN,NaN,NaN,NaN,NaN,NaN,NaN,NaN,NaN,NaN,NaN,NaN
1555.5,1.5872714206088,1.08271183616917,92.3606786768099,12.4797240586495,1.02042521414902,6.15741871139419,0,NaN,NaN,NaN,NaN,NaN,NaN,NaN,NaN,NaN,NaN,NaN,NaN,NaN,NaN,NaN,NaN
1564,1.58329244533614,1.08746404899188,91.9570629417164,12.5115944103386,1.01233532310495,6.20662458750165,0,NaN,NaN,NaN,NaN,NaN,NaN,NaN,NaN,NaN,NaN,NaN,NaN,NaN,NaN,NaN,NaN
1572.5,1.57942372731285,1.09210252610344,91.5664945458865,12.5427394025624,1.00440300624029,6.25564167783507,0,NaN,NaN,NaN,NaN,NaN,NaN,NaN,NaN,NaN,NaN,NaN,NaN,NaN,NaN,NaN,NaN
1581,1.57566882289352,1.09662902106504,91.1885405903997,12.573118027243,0.996627971469655,6.30444407245988,0,NaN,NaN,NaN,NaN,NaN,NaN,NaN,NaN,NaN,NaN,NaN,NaN,NaN,NaN,NaN,NaN
1589.5,1.57201796672898,1.10104776610715,90.8225810707184,12.6027974782057,0.989001551889891,6.3530590980095,0,NaN,NaN,NaN,NaN,NaN,NaN,NaN,NaN,NaN,NaN,NaN,NaN,NaN,NaN,NaN,NaN
1598,1.56847451490229,1.10535959839791,90.4682966022446,12.6317392303079,0.981523476159127,6.40146207380264,0,NaN,NaN,NaN,NaN,NaN,NaN,NaN,NaN,NaN,NaN,NaN,NaN,NaN,NaN,NaN,NaN
1606.5,1.56502925198729,1.10956932635221,90.1250580968722,12.6600078297982,0.974185653275625,6.44967957190999,0,NaN,NaN,NaN,NaN,NaN,NaN,NaN,NaN,NaN,NaN,NaN,NaN,NaN,NaN,NaN,NaN
1615,1.5616735692726,1.11368020732416,89.7923832553961,12.687664356025,0.966980538249289,6.49773708843742,0,NaN,NaN,NaN,NaN,NaN,NaN,NaN,NaN,NaN,NaN,NaN,NaN,NaN,NaN,NaN,NaN
1623.5,1.55841087239485,1.11769381998963,89.4699408832085,12.714671620479,0.959908144376257,6.5456109982923,0,NaN,NaN,NaN,NaN,NaN,NaN,NaN,NaN,NaN,NaN,NaN,NaN,NaN,NaN,NaN,NaN
1632,1.55523858472014,1.12161252165412,89.1573498595783,12.741041935302,0.952964819068713,6.59330248237269,0,NaN,NaN,NaN,NaN,NaN,NaN,NaN,NaN,NaN,NaN,NaN,NaN,NaN,NaN,NaN,NaN
1640.5,1.55214877962291,1.12543961481193,88.854167459452,12.7668328744496,0.94614372424438,6.64083600215975,0,NaN,NaN,NaN,NaN,NaN,NaN,NaN,NaN,NaN,NaN,NaN,NaN,NaN,NaN,NaN,NaN
1649,1.54913931247559,1.1291774064303,88.5600432939345,12.7920546717841,0.939441669178646,6.68821227897308,0,NaN,NaN,NaN,NaN,NaN,NaN,NaN,NaN,NaN,NaN,NaN,NaN,NaN,NaN,NaN,NaN
1657.5,1.54620809441303,1.13282793246947,88.2746594904385,12.8167175003127,0.93285556224014,6.73543210922308,0,NaN,NaN,NaN,NaN,NaN,NaN,NaN,NaN,NaN,NaN,NaN,NaN,NaN,NaN,NaN,NaN
1666,1.54334808147675,1.13639414098179,87.9976377857815,12.8408738569959,0.92637940064631,6.78251837508042,0,NaN,NaN,NaN,NaN,NaN,NaN,NaN,NaN,NaN,NaN,NaN,NaN,NaN,NaN,NaN,NaN
1674.5,1.54056976324593,1.13987594922904,87.7288445884271,12.8644283203492,0.92001777440784,6.82941730253385,0,NaN,NaN,NaN,NaN,NaN,NaN,NaN,NaN,NaN,NaN,NaN,NaN,NaN,NaN,NaN,NaN
1683,1.53785181374619,1.14327897333373,87.4677155203913,12.887555485935,0.913756276735706,6.8762157559405,0,NaN,NaN,NaN,NaN,NaN,NaN,NaN,NaN,NaN,NaN,NaN,NaN,NaN,NaN,NaN,NaN
1691.5,1.53520221112108,1.14660282391619,87.2141581323274,12.9101819780758,0.907598114762686,6.92287170387356,0,NaN,NaN,NaN,NaN,NaN,NaN,NaN,NaN,NaN,NaN,NaN,NaN,NaN,NaN,NaN,NaN
1700,1.53261923668699,1.14984965861353,86.9678911942093,12.9323167826862,0.901540727462934,6.96938598088783,0,NaN,NaN,NaN,NaN,NaN,NaN,NaN,NaN,NaN,NaN,NaN,NaN,NaN,NaN,NaN,NaN
